	FAT_014-22-0-0.bam	FAT_014-22-14-0.bam	FAT_014-22-2-0.bam	FAT_014-22-42-0.bam	FAT_014-22-84-0.bam	FAT_023-22-14-0.bam	FAT_023-22-2-0.bam	FAT_023-22-42-0.bam	FAT_023-22-84-0.bam	FAT_024-22-0-0.bam	FAT_024-22-14-0.bam	FAT_024-22-2-0.bam	FAT_024-22-42-0.bam	FAT_024-22-84-0.bam
FAT_014-22-0-0.bam	0.0	0.000247740385040155	0.00017081593168549717	0.004914113558396362	0.0005133101352848618	0.7641381666818483	0.7106587175008228	0.7638378155032888	0.7645011567833568	0.19246012012860764	0.1989722327292635	0.2338362068965517	0.19331529905628975	0.19291577124833614
FAT_014-22-14-0.bam	0.000247740385040155	0.0	0.0004084094969262424	0.0050367180902622976	0.00074260081074138	0.7696142947502188	0.7174990934816757	0.7693212248123517	0.7699684850916908	0.19994471408120634	0.20629895728548267	0.2426732456140351	0.2008801714995305	0.20043593915980396
FAT_014-22-2-0.bam	0.00017081593168549717	0.0004084094969262424	0.0	0.004961658472140481	0.0006675411926195623	0.7697548744338607	0.7176659686457112	0.7694618044959936	0.7701090647753328	0.19989865257820702	0.2062528957824834	0.2426849861224861	0.20083410999653126	0.20038987765680463
FAT_014-22-42-0.bam	0.004914113558396362	0.0050367180902622976	0.004961658472140481	0.0	0.004712090111286853	0.7720094438055288	0.7205724510088369	0.7716469694227609	0.7721115036707953	0.20322301259486722	0.2076454345066423	0.2467509306403434	0.2035371262513518	0.20371423767346486
FAT_014-22-84-0.bam	0.0005133101352848618	0.00074260081074138	0.0006675411926195623	0.004712090111286853	0.0	0.7703568955609603	0.7183805980411889	0.770063825623093	0.7707110859024322	0.1999985257893655	0.20598545953542333	0.2431096681096681	0.20093398320768968	0.2004897508679631
FAT_023-22-14-0.bam	0.7641381666818483	0.7696142947502188	0.7697548744338607	0.7720094438055288	0.7703568955609603	0.0	0.030711582827104324	0.0011485627567031464	0.0013588420694170692	0.7381799581937442	0.7312186543153337	0.6822234383445446	0.7399136349109692	0.7393400954173132
FAT_023-22-2-0.bam	0.7106587175008228	0.7174990934816757	0.7176659686457112	0.7205724510088369	0.7183805980411889	0.030711582827104324	0.0	0.031171705357664274	0.031224487942113844	0.6893921599949986	0.681783054977729	0.6136755290870632	0.6916644486145932	0.6913855265895767
FAT_023-22-42-0.bam	0.7638378155032888	0.7693212248123517	0.7694618044959936	0.7716469694227609	0.770063825623093	0.0011485627567031464	0.031171705357664274	0.0	0.0014416189604902901	0.7380831364521251	0.7310368266705269	0.6824349637944738	0.7397848150624857	0.7394006920149306
FAT_023-22-84-0.bam	0.7645011567833568	0.7699684850916908	0.7701090647753328	0.7721115036707953	0.7707110859024322	0.0013588420694170692	0.031224487942113844	0.0014416189604902901	0.0	0.7381133824326319	0.7309096543117972	0.682007576548695	0.7394749166724512	0.7392735196562008
FAT_024-22-0-0.bam	0.19246012012860764	0.19994471408120634	0.19989865257820702	0.20322301259486722	0.1999985257893655	0.7381799581937442	0.6893921599949986	0.7380831364521251	0.7381133824326319	0.0	0.012174074830800043	0.0036480606054743003	0.0028631991310121394	0.002302416674735431
FAT_024-22-14-0.bam	0.1989722327292635	0.20629895728548267	0.2062528957824834	0.2076454345066423	0.20598545953542333	0.7312186543153337	0.681783054977729	0.7310368266705269	0.7309096543117972	0.012174074830800043	0.0	0.009360012158527291	0.013309201065973887	0.012630569127056408
FAT_024-22-2-0.bam	0.2338362068965517	0.2426732456140351	0.2426849861224861	0.2467509306403434	0.2431096681096681	0.6822234383445446	0.6136755290870632	0.6824349637944738	0.682007576548695	0.0036480606054743003	0.009360012158527291	0.0	0.002659527854839803	0.001452921165340496
FAT_024-22-42-0.bam	0.19331529905628975	0.2008801714995305	0.20083410999653126	0.2035371262513518	0.20093398320768968	0.7399136349109692	0.6916644486145932	0.7397848150624857	0.7394749166724512	0.0028631991310121394	0.013309201065973887	0.002659527854839803	0.0	0.0012525728460368573
FAT_024-22-84-0.bam	0.19291577124833614	0.20043593915980396	0.20038987765680463	0.20371423767346486	0.2004897508679631	0.7393400954173132	0.6913855265895767	0.7394006920149306	0.7392735196562008	0.002302416674735431	0.012630569127056408	0.001452921165340496	0.0012525728460368573	0.0
