	FAT_010-22-0-0.bam	FAT_010-22-42-0.bam	FAT_010-22-84-0.bam	FAT_014-22-0-0.bam	FAT_014-22-84-0.bam	FAT_017-22-14-0.bam	FAT_017-22-2-0.bam
FAT_010-22-0-0.bam	0.0	0.00031887755102040814	0.0016439909297052164	0.5908163265306122	0.5902288188002474	0.5135244574020084	0.5102040816326531
FAT_010-22-42-0.bam	0.00031887755102040814	0.0	0.0019628684807256247	0.5904974489795918	0.589909941249227	0.513205579850988	0.5098852040816326
FAT_010-22-84-0.bam	0.0016439909297052164	0.0019628684807256247	0.0	0.589172335600907	0.5885848278705421	0.5141480401684483	0.510827664399093
FAT_014-22-0-0.bam	0.5908163265306122	0.5904974489795918	0.589172335600907	0.0	0.0026283240568954853	0.5079041140265631	0.5112244897959184
FAT_014-22-84-0.bam	0.5902288188002474	0.589909941249227	0.5885848278705421	0.0026283240568954853	0.0	0.5052757899696676	0.5085961657390229
FAT_017-22-14-0.bam	0.5135244574020084	0.513205579850988	0.5141480401684483	0.5079041140265631	0.5052757899696676	0.0	0.003320375769355361
FAT_017-22-2-0.bam	0.5102040816326531	0.5098852040816326	0.510827664399093	0.5112244897959184	0.5085961657390229	0.003320375769355361	0.0
