	FAT_010-22-14-0.bam	FAT_017-22-0-0.bam	FAT_017-22-14-0.bam	FAT_017-22-2-0.bam	FAT_017-22-42-0.bam	FAT_017-22-84-0.bam
FAT_010-22-14-0.bam	0.0	0.3987455197132616	0.3922287390029326	0.3951612903225806	0.3951612903225806	0.3951612903225806
FAT_017-22-0-0.bam	0.3987455197132616	0.0	0.0065167807103290966	0.0035842293906810053	0.0035842293906810053	0.0035842293906810053
FAT_017-22-14-0.bam	0.3922287390029326	0.0065167807103290966	0.0	0.0029325513196480912	0.0029325513196480912	0.0029325513196480912
FAT_017-22-2-0.bam	0.3951612903225806	0.0035842293906810053	0.0029325513196480912	0.0	0.0	0.0
FAT_017-22-42-0.bam	0.3951612903225806	0.0035842293906810053	0.0029325513196480912	0.0	0.0	0.0
FAT_017-22-84-0.bam	0.3951612903225806	0.0035842293906810053	0.0029325513196480912	0.0	0.0	0.0
