	FAT_010-22-2-0.bam	FAT_014-22-14-0.bam	FAT_014-22-2-0.bam	FAT_023-22-42-0.bam	FAT_024-22-14-0.bam	FAT_024-22-42-0.bam
FAT_010-22-2-0.bam	0.0	0.19254658385093168	0.20496894409937888	0.19875776397515527	0.17391304347826086	0.14906832298136646
FAT_014-22-14-0.bam	0.19254658385093168	0.0	0.0	0.2111801242236025	0.19875776397515527	0.2236024844720497
FAT_014-22-2-0.bam	0.20496894409937888	0.0	0.0	0.2236024844720497	0.2111801242236025	0.2360248447204969
FAT_023-22-42-0.bam	0.19875776397515527	0.2111801242236025	0.2236024844720497	0.0	0.16770186335403728	0.18633540372670807
FAT_024-22-14-0.bam	0.17391304347826086	0.19875776397515527	0.2111801242236025	0.16770186335403728	0.0	0.024844720496894408
FAT_024-22-42-0.bam	0.14906832298136646	0.2236024844720497	0.2360248447204969	0.18633540372670807	0.024844720496894408	0.0
