	FAT_017-22-0-0.bam	FAT_017-22-14-0.bam	FAT_017-22-2-0.bam	FAT_024-22-0-0.bam	FAT_024-22-2-0.bam	FAT_024-22-42-0.bam
FAT_017-22-0-0.bam	0.0	0.09526620030017562	0.07981421988498504	0.46946819405118023	0.4720805242497173	0.47737362420881235
FAT_017-22-14-0.bam	0.09526620030017562	0.0	0.06438884093582337	0.502804874659784	0.5054172048583211	0.5107103048174161
FAT_017-22-2-0.bam	0.07981421988498504	0.06438884093582337	0.0	0.4953621188353788	0.4942638738947694	0.5022685479940101
FAT_024-22-0-0.bam	0.46946819405118023	0.502804874659784	0.4953621188353788	0.0	0.0026123301985370943	0.009562001434456667
FAT_024-22-2-0.bam	0.4720805242497173	0.5054172048583211	0.4942638738947694	0.0026123301985370943	0.0	0.011278675564923901
FAT_024-22-42-0.bam	0.47737362420881235	0.5107103048174161	0.5022685479940101	0.009562001434456667	0.011278675564923901	0.0
