	FAT_010-22-0-0.bam	FAT_010-22-14-0.bam	FAT_010-22-2-0.bam	FAT_010-22-42-0.bam	FAT_010-22-84-0.bam	FAT_014-22-14-0.bam	FAT_014-22-2-0.bam	FAT_014-22-42-0.bam	FAT_017-22-0-0.bam	FAT_017-22-14-0.bam	FAT_017-22-2-0.bam	FAT_017-22-42-0.bam	FAT_023-22-14-0.bam	FAT_023-22-42-0.bam	FAT_023-22-84-0.bam
FAT_010-22-0-0.bam	0.0	0.0	0.0	0.0	0.0	0.16233766233766234	0.09740259740259741	0.12987012987012986	0.17532467532467533	0.18181818181818182	0.18831168831168832	0.16883116883116883	0.19155844155844157	0.2077922077922078	0.2077922077922078
FAT_010-22-14-0.bam	0.0	0.0	0.0	0.0	0.0	0.22727272727272727	0.17207792207792208	0.2012987012987013	0.24025974025974026	0.2564935064935065	0.2597402597402597	0.21753246753246752	0.262987012987013	0.2857142857142857	0.2857142857142857
FAT_010-22-2-0.bam	0.0	0.0	0.0	0.0	0.0	0.14935064935064934	0.08766233766233766	0.11688311688311688	0.1590909090909091	0.17207792207792208	0.17857142857142858	0.16233766233766234	0.17532467532467533	0.18506493506493507	0.19155844155844157
FAT_010-22-42-0.bam	0.0	0.0	0.0	0.0	0.0	0.21428571428571427	0.1590909090909091	0.18181818181818182	0.22077922077922077	0.237012987012987	0.237012987012987	0.20454545454545456	0.25	0.2727272727272727	0.2727272727272727
FAT_010-22-84-0.bam	0.0	0.0	0.0	0.0	0.0	0.18181818181818182	0.12337662337662338	0.14285714285714285	0.19805194805194806	0.21103896103896103	0.21103896103896103	0.19155844155844157	0.21428571428571427	0.22727272727272727	0.22727272727272727
FAT_014-22-14-0.bam	0.16233766233766234	0.22727272727272727	0.14935064935064934	0.21428571428571427	0.18181818181818182	0.0	0.025974025974025976	0.09740259740259741	0.17532467532467533	0.2012987012987013	0.17857142857142858	0.17207792207792208	0.25	0.2727272727272727	0.2694805194805195
FAT_014-22-2-0.bam	0.09740259740259741	0.17207792207792208	0.08766233766233766	0.1590909090909091	0.12337662337662338	0.025974025974025976	0.0	0.03571428571428571	0.03571428571428571	0.04220779220779221	0.032467532467532464	0.04220779220779221	0.18181818181818182	0.20454545454545456	0.20454545454545456
FAT_014-22-42-0.bam	0.12987012987012986	0.2012987012987013	0.11688311688311688	0.18181818181818182	0.14285714285714285	0.09740259740259741	0.03571428571428571	0.0	0.11038961038961038	0.10064935064935066	0.11038961038961038	0.11038961038961038	0.22727272727272727	0.2435064935064935	0.2435064935064935
FAT_017-22-0-0.bam	0.17532467532467533	0.24025974025974026	0.1590909090909091	0.22077922077922077	0.19805194805194806	0.17532467532467533	0.03571428571428571	0.11038961038961038	0.0	0.003246753246753247	0.0	0.003246753246753247	0.275974025974026	0.29545454545454547	0.2922077922077922
FAT_017-22-14-0.bam	0.18181818181818182	0.2564935064935065	0.17207792207792208	0.237012987012987	0.21103896103896103	0.2012987012987013	0.04220779220779221	0.10064935064935066	0.003246753246753247	0.0	0.0	0.006493506493506494	0.275974025974026	0.2922077922077922	0.2922077922077922
FAT_017-22-2-0.bam	0.18831168831168832	0.2597402597402597	0.17857142857142858	0.237012987012987	0.21103896103896103	0.17857142857142858	0.032467532467532464	0.11038961038961038	0.0	0.0	0.0	0.003246753246753247	0.2922077922077922	0.3116883116883117	0.30844155844155846
FAT_017-22-42-0.bam	0.16883116883116883	0.21753246753246752	0.16233766233766234	0.20454545454545456	0.19155844155844157	0.17207792207792208	0.04220779220779221	0.11038961038961038	0.003246753246753247	0.006493506493506494	0.003246753246753247	0.0	0.2694805194805195	0.288961038961039	0.288961038961039
FAT_023-22-14-0.bam	0.19155844155844157	0.262987012987013	0.17532467532467533	0.25	0.21428571428571427	0.25	0.18181818181818182	0.22727272727272727	0.275974025974026	0.275974025974026	0.2922077922077922	0.2694805194805195	0.0	0.0	0.0
FAT_023-22-42-0.bam	0.2077922077922078	0.2857142857142857	0.18506493506493507	0.2727272727272727	0.22727272727272727	0.2727272727272727	0.20454545454545456	0.2435064935064935	0.29545454545454547	0.2922077922077922	0.3116883116883117	0.288961038961039	0.0	0.0	0.0
FAT_023-22-84-0.bam	0.2077922077922078	0.2857142857142857	0.19155844155844157	0.2727272727272727	0.22727272727272727	0.2694805194805195	0.20454545454545456	0.2435064935064935	0.2922077922077922	0.2922077922077922	0.30844155844155846	0.288961038961039	0.0	0.0	0.0
