	FAT_014-22-14-0.bam	FAT_014-22-2-0.bam	FAT_014-22-42-0.bam	FAT_023-22-42-0.bam	FAT_024-22-14-0.bam	FAT_024-22-42-0.bam
FAT_014-22-14-0.bam	0.0	0.012987012987012988	0.012987012987012988	0.12987012987012986	0.24675324675324675	0.24675324675324675
FAT_014-22-2-0.bam	0.012987012987012988	0.0	0.025974025974025976	0.15584415584415584	0.2727272727272727	0.2727272727272727
FAT_014-22-42-0.bam	0.012987012987012988	0.025974025974025976	0.0	0.1038961038961039	0.18181818181818182	0.18181818181818182
FAT_023-22-42-0.bam	0.12987012987012986	0.15584415584415584	0.1038961038961039	0.0	0.18181818181818182	0.18181818181818182
FAT_024-22-14-0.bam	0.24675324675324675	0.2727272727272727	0.18181818181818182	0.18181818181818182	0.0	0.0
FAT_024-22-42-0.bam	0.24675324675324675	0.2727272727272727	0.18181818181818182	0.18181818181818182	0.0	0.0
