	FAT_010-22-14-0.bam	FAT_010-22-42-0.bam	FAT_014-22-84-0.bam	FAT_023-22-14-0.bam	FAT_023-22-42-0.bam	FAT_024-22-0-0.bam	FAT_024-22-14-0.bam	FAT_024-22-2-0.bam	FAT_024-22-42-0.bam
FAT_010-22-14-0.bam	0.0	0.0	0.1346153846153846	0.23076923076923078	0.25	0.25	0.25	0.28846153846153844	0.19230769230769232
FAT_010-22-42-0.bam	0.0	0.0	0.15384615384615385	0.25	0.25	0.23076923076923078	0.25	0.2692307692307692	0.17307692307692307
FAT_014-22-84-0.bam	0.1346153846153846	0.15384615384615385	0.0	0.11538461538461539	0.11538461538461539	0.07692307692307693	0.07692307692307693	0.15384615384615385	0.07692307692307693
FAT_023-22-14-0.bam	0.23076923076923078	0.25	0.11538461538461539	0.0	0.0	0.15384615384615385	0.21153846153846154	0.17307692307692307	0.1346153846153846
FAT_023-22-42-0.bam	0.25	0.25	0.11538461538461539	0.0	0.0	0.15384615384615385	0.21153846153846154	0.17307692307692307	0.15384615384615385
FAT_024-22-0-0.bam	0.25	0.23076923076923078	0.07692307692307693	0.15384615384615385	0.15384615384615385	0.0	0.019230769230769232	0.0	0.019230769230769232
FAT_024-22-14-0.bam	0.25	0.25	0.07692307692307693	0.21153846153846154	0.21153846153846154	0.019230769230769232	0.0	0.038461538461538464	0.057692307692307696
FAT_024-22-2-0.bam	0.28846153846153844	0.2692307692307692	0.15384615384615385	0.17307692307692307	0.17307692307692307	0.0	0.038461538461538464	0.0	0.0
FAT_024-22-42-0.bam	0.19230769230769232	0.17307692307692307	0.07692307692307693	0.1346153846153846	0.15384615384615385	0.019230769230769232	0.057692307692307696	0.0	0.0
