	FAT_010-22-14-0.bam	FAT_010-22-42-0.bam	FAT_014-22-84-0.bam	FAT_023-22-14-0.bam	FAT_023-22-42-0.bam	FAT_024-22-0-0.bam	FAT_024-22-14-0.bam	FAT_024-22-2-0.bam	FAT_024-22-42-0.bam
FAT_010-22-14-0.bam	0.0	0.04069923669381873	0.2523551611786906	0.24729819977092274	0.24891138273491215	0.2989977963203748	0.3242285799868117	0.32190436197789146	0.28145757585802833
FAT_010-22-42-0.bam	0.04069923669381873	0.0	0.2587958459668986	0.24693501591315686	0.24854819887714624	0.2878560635261652	0.316933001038756	0.31076262918368186	0.2703158430638188
FAT_014-22-84-0.bam	0.2523551611786906	0.2587958459668986	0.0	0.21899233159313805	0.22547868797868797	0.21587756687661594	0.23387327792336482	0.2306908369408369	0.19816113373805683
FAT_023-22-14-0.bam	0.24729819977092274	0.24693501591315686	0.21899233159313805	0.0	0.033890202539396085	0.2443813960109453	0.28679673686868284	0.2531824470332535	0.24240599058372012
FAT_023-22-42-0.bam	0.24891138273491215	0.24854819887714624	0.22547868797868797	0.033890202539396085	0.0	0.23526946179820463	0.27631117628231583	0.23918650793650797	0.23671285978978285
FAT_024-22-0-0.bam	0.2989977963203748	0.2878560635261652	0.21587756687661594	0.2443813960109453	0.23526946179820463	0.0	0.09926051472533663	0.08908839802993161	0.07535622485969361
FAT_024-22-14-0.bam	0.3242285799868117	0.316933001038756	0.23387327792336482	0.28679673686868284	0.27631117628231583	0.09926051472533663	0.0	0.12395733922103193	0.11169456632157629
FAT_024-22-2-0.bam	0.32190436197789146	0.31076262918368186	0.2306908369408369	0.2531824470332535	0.23918650793650797	0.08908839802993161	0.12395733922103193	0.0	0.07317725323947044
FAT_024-22-42-0.bam	0.28145757585802833	0.2703158430638188	0.19816113373805683	0.24240599058372012	0.23671285978978285	0.07535622485969361	0.11169456632157629	0.07317725323947044	0.0
