	FAT_010-22-0-0.bam	FAT_010-22-14-0.bam	FAT_010-22-2-0.bam	FAT_010-22-42-0.bam	FAT_010-22-84-0.bam	FAT_014-22-14-0.bam	FAT_014-22-2-0.bam	FAT_014-22-42-0.bam	FAT_014-22-84-0.bam	FAT_017-22-0-0.bam	FAT_017-22-14-0.bam	FAT_017-22-42-0.bam	FAT_023-22-14-0.bam	FAT_023-22-42-0.bam	FAT_023-22-84-0.bam	FAT_024-22-0-0.bam	FAT_024-22-14-0.bam	FAT_024-22-42-0.bam	FAT_024-22-84-0.bam
FAT_010-22-0-0.bam	0.0	0.0	0.0	0.0	0.0	0.18604651162790697	0.18604651162790697	0.16279069767441862	0.12790697674418605	0.19767441860465115	0.1744186046511628	0.19767441860465115	0.19767441860465115	0.18604651162790697	0.23255813953488372	0.22093023255813954	0.2441860465116279	0.2441860465116279	0.2441860465116279
FAT_010-22-14-0.bam	0.0	0.0	0.0	0.0	0.0	0.1744186046511628	0.1744186046511628	0.13953488372093023	0.11627906976744186	0.19767441860465115	0.1744186046511628	0.18604651162790697	0.20930232558139536	0.19767441860465115	0.2441860465116279	0.20930232558139536	0.2441860465116279	0.2441860465116279	0.2441860465116279
FAT_010-22-2-0.bam	0.0	0.0	0.0	0.0	0.0	0.20930232558139536	0.20930232558139536	0.16279069767441862	0.13953488372093023	0.22093023255813954	0.19767441860465115	0.22093023255813954	0.22093023255813954	0.20930232558139536	0.2558139534883721	0.20930232558139536	0.2441860465116279	0.2441860465116279	0.2441860465116279
FAT_010-22-42-0.bam	0.0	0.0	0.0	0.0	0.0	0.32558139534883723	0.313953488372093	0.2558139534883721	0.20930232558139536	0.313953488372093	0.27906976744186046	0.29069767441860467	0.313953488372093	0.313953488372093	0.36046511627906974	0.3023255813953488	0.3488372093023256	0.3488372093023256	0.3488372093023256
FAT_010-22-84-0.bam	0.0	0.0	0.0	0.0	0.0	0.3023255813953488	0.29069767441860467	0.23255813953488372	0.19767441860465115	0.29069767441860467	0.2558139534883721	0.29069767441860467	0.313953488372093	0.3023255813953488	0.3488372093023256	0.27906976744186046	0.32558139534883723	0.32558139534883723	0.32558139534883723
FAT_014-22-14-0.bam	0.18604651162790697	0.1744186046511628	0.20930232558139536	0.32558139534883723	0.3023255813953488	0.0	0.0	0.0	0.0	0.36046511627906974	0.3372093023255814	0.36046511627906974	0.3488372093023256	0.3488372093023256	0.38372093023255816	0.29069767441860467	0.32558139534883723	0.32558139534883723	0.32558139534883723
FAT_014-22-2-0.bam	0.18604651162790697	0.1744186046511628	0.20930232558139536	0.313953488372093	0.29069767441860467	0.0	0.0	0.0	0.0	0.3488372093023256	0.32558139534883723	0.3488372093023256	0.32558139534883723	0.32558139534883723	0.36046511627906974	0.2441860465116279	0.27906976744186046	0.27906976744186046	0.27906976744186046
FAT_014-22-42-0.bam	0.16279069767441862	0.13953488372093023	0.16279069767441862	0.2558139534883721	0.23255813953488372	0.0	0.0	0.0	0.0	0.313953488372093	0.29069767441860467	0.313953488372093	0.27906976744186046	0.27906976744186046	0.313953488372093	0.22093023255813954	0.2558139534883721	0.2558139534883721	0.2558139534883721
FAT_014-22-84-0.bam	0.12790697674418605	0.11627906976744186	0.13953488372093023	0.20930232558139536	0.19767441860465115	0.0	0.0	0.0	0.0	0.2558139534883721	0.23255813953488372	0.2558139534883721	0.26744186046511625	0.26744186046511625	0.3023255813953488	0.20930232558139536	0.2441860465116279	0.2441860465116279	0.2441860465116279
FAT_017-22-0-0.bam	0.19767441860465115	0.19767441860465115	0.22093023255813954	0.313953488372093	0.29069767441860467	0.36046511627906974	0.3488372093023256	0.313953488372093	0.2558139534883721	0.0	0.0	0.0	0.3372093023255814	0.313953488372093	0.3488372093023256	0.38372093023255816	0.4186046511627907	0.43023255813953487	0.43023255813953487
FAT_017-22-14-0.bam	0.1744186046511628	0.1744186046511628	0.19767441860465115	0.27906976744186046	0.2558139534883721	0.3372093023255814	0.32558139534883723	0.29069767441860467	0.23255813953488372	0.0	0.0	0.0	0.32558139534883723	0.3023255813953488	0.32558139534883723	0.3488372093023256	0.38372093023255816	0.3953488372093023	0.3953488372093023
FAT_017-22-42-0.bam	0.19767441860465115	0.18604651162790697	0.22093023255813954	0.29069767441860467	0.29069767441860467	0.36046511627906974	0.3488372093023256	0.313953488372093	0.2558139534883721	0.0	0.0	0.0	0.32558139534883723	0.313953488372093	0.3372093023255814	0.38372093023255816	0.4186046511627907	0.43023255813953487	0.43023255813953487
FAT_023-22-14-0.bam	0.19767441860465115	0.20930232558139536	0.22093023255813954	0.313953488372093	0.313953488372093	0.3488372093023256	0.32558139534883723	0.27906976744186046	0.26744186046511625	0.3372093023255814	0.32558139534883723	0.32558139534883723	0.0	0.0	0.0	0.3953488372093023	0.43023255813953487	0.43023255813953487	0.43023255813953487
FAT_023-22-42-0.bam	0.18604651162790697	0.19767441860465115	0.20930232558139536	0.313953488372093	0.3023255813953488	0.3488372093023256	0.32558139534883723	0.27906976744186046	0.26744186046511625	0.313953488372093	0.3023255813953488	0.313953488372093	0.0	0.0	0.0	0.3953488372093023	0.43023255813953487	0.43023255813953487	0.43023255813953487
FAT_023-22-84-0.bam	0.23255813953488372	0.2441860465116279	0.2558139534883721	0.36046511627906974	0.3488372093023256	0.38372093023255816	0.36046511627906974	0.313953488372093	0.3023255813953488	0.3488372093023256	0.32558139534883723	0.3372093023255814	0.0	0.0	0.0	0.43023255813953487	0.47674418604651164	0.47674418604651164	0.47674418604651164
FAT_024-22-0-0.bam	0.22093023255813954	0.20930232558139536	0.20930232558139536	0.3023255813953488	0.27906976744186046	0.29069767441860467	0.2441860465116279	0.22093023255813954	0.20930232558139536	0.38372093023255816	0.3488372093023256	0.38372093023255816	0.3953488372093023	0.3953488372093023	0.43023255813953487	0.0	0.0	0.0	0.0
FAT_024-22-14-0.bam	0.2441860465116279	0.2441860465116279	0.2441860465116279	0.3488372093023256	0.32558139534883723	0.32558139534883723	0.27906976744186046	0.2558139534883721	0.2441860465116279	0.4186046511627907	0.38372093023255816	0.4186046511627907	0.43023255813953487	0.43023255813953487	0.47674418604651164	0.0	0.0	0.0	0.0
FAT_024-22-42-0.bam	0.2441860465116279	0.2441860465116279	0.2441860465116279	0.3488372093023256	0.32558139534883723	0.32558139534883723	0.27906976744186046	0.2558139534883721	0.2441860465116279	0.43023255813953487	0.3953488372093023	0.43023255813953487	0.43023255813953487	0.43023255813953487	0.47674418604651164	0.0	0.0	0.0	0.0
FAT_024-22-84-0.bam	0.2441860465116279	0.2441860465116279	0.2441860465116279	0.3488372093023256	0.32558139534883723	0.32558139534883723	0.27906976744186046	0.2558139534883721	0.2441860465116279	0.43023255813953487	0.3953488372093023	0.43023255813953487	0.43023255813953487	0.43023255813953487	0.47674418604651164	0.0	0.0	0.0	0.0
