	FAT_010-22-2-0.bam	FAT_010-22-42-0.bam	FAT_014-22-0-0.bam	FAT_014-22-14-0.bam	FAT_014-22-2-0.bam	FAT_014-22-42-0.bam	FAT_014-22-84-0.bam	FAT_017-22-2-0.bam	FAT_017-22-42-0.bam	FAT_024-22-84-0.bam
FAT_010-22-2-0.bam	0.0	0.003787878787878788	0.07196969696969698	0.045454545454545456	0.06818181818181818	0.045454545454545456	0.0946969696969697	0.07196969696969698	0.056818181818181816	0.03787878787878788
FAT_010-22-42-0.bam	0.003787878787878788	0.0	0.045454545454545456	0.03787878787878788	0.045454545454545456	0.026515151515151516	0.05303030303030303	0.04924242424242424	0.04924242424242424	0.022727272727272728
FAT_014-22-0-0.bam	0.07196969696969698	0.045454545454545456	0.0	0.003787878787878788	0.0	0.07196969696969698	0.03787878787878788	0.09848484848484848	0.10984848484848485	0.03787878787878788
FAT_014-22-14-0.bam	0.045454545454545456	0.03787878787878788	0.003787878787878788	0.0	0.003787878787878788	0.045454545454545456	0.01893939393939394	0.06060606060606061	0.07196969696969698	0.030303030303030304
FAT_014-22-2-0.bam	0.06818181818181818	0.045454545454545456	0.0	0.003787878787878788	0.0	0.04924242424242424	0.015151515151515152	0.07954545454545454	0.0946969696969697	0.03787878787878788
FAT_014-22-42-0.bam	0.045454545454545456	0.026515151515151516	0.07196969696969698	0.045454545454545456	0.04924242424242424	0.0	0.030303030303030304	0.045454545454545456	0.056818181818181816	0.03409090909090909
FAT_014-22-84-0.bam	0.0946969696969697	0.05303030303030303	0.03787878787878788	0.01893939393939394	0.015151515151515152	0.030303030303030304	0.0	0.07196969696969698	0.08712121212121213	0.05303030303030303
FAT_017-22-2-0.bam	0.07196969696969698	0.04924242424242424	0.09848484848484848	0.06060606060606061	0.07954545454545454	0.045454545454545456	0.07196969696969698	0.0	0.0	0.06439393939393939
FAT_017-22-42-0.bam	0.056818181818181816	0.04924242424242424	0.10984848484848485	0.07196969696969698	0.0946969696969697	0.056818181818181816	0.08712121212121213	0.0	0.0	0.06060606060606061
FAT_024-22-84-0.bam	0.03787878787878788	0.022727272727272728	0.03787878787878788	0.030303030303030304	0.03787878787878788	0.03409090909090909	0.05303030303030303	0.06439393939393939	0.06060606060606061	0.0
