	FAT_014-22-14-0.bam	FAT_014-22-2-0.bam	FAT_014-22-42-0.bam	FAT_023-22-42-0.bam	FAT_024-22-14-0.bam	FAT_024-22-42-0.bam
FAT_014-22-14-0.bam	0.0	0.06851517865669955	0.1021703082535258	0.22375008912433994	0.33517637274181983	0.32977974916337804
FAT_014-22-2-0.bam	0.06851517865669955	0.0	0.10296811774230036	0.236794165809887	0.3334143565859219	0.3280177330074801
FAT_014-22-42-0.bam	0.1021703082535258	0.10296811774230036	0.0	0.24360783288042728	0.3210085267972138	0.315611903218772
FAT_023-22-42-0.bam	0.22375008912433994	0.236794165809887	0.24360783288042728	0.0	0.2765678044898824	0.2711711809114406
FAT_024-22-14-0.bam	0.33517637274181983	0.3334143565859219	0.3210085267972138	0.2765678044898824	0.0	0.016652034833853017
FAT_024-22-42-0.bam	0.32977974916337804	0.3280177330074801	0.315611903218772	0.2711711809114406	0.016652034833853017	0.0
