	FAT_010-22-0-0.bam	FAT_010-22-14-0.bam	FAT_010-22-2-0.bam	FAT_010-22-42-0.bam	FAT_010-22-84-0.bam	FAT_014-22-0-0.bam	FAT_014-22-2-0.bam	FAT_014-22-84-0.bam	FAT_023-22-14-0.bam	FAT_023-22-42-0.bam	FAT_023-22-84-0.bam
FAT_010-22-0-0.bam	0.0	0.09807318372854007	0.04630086980424256	0.0666729093651463	0.06349899795573155	0.2759502573040462	0.2919788631835134	0.3087637436705232	0.27738685331687996	0.27395573307834226	0.2718299670137252
FAT_010-22-14-0.bam	0.09807318372854007	0.0	0.10699093640528903	0.15048188437593718	0.08183822536842664	0.2003576507794275	0.2039440954166325	0.22834793717137986	0.25117429928863044	0.2374847490241333	0.23769387958240273
FAT_010-22-2-0.bam	0.04630086980424256	0.10699093640528903	0.0	0.05560689933823345	0.06399709616589264	0.2748957025396635	0.29065504890618205	0.3081287157618574	0.2748025583260095	0.2716070761868278	0.26526014279596866
FAT_010-22-42-0.bam	0.0666729093651463	0.15048188437593718	0.05560689933823345	0.0	0.10204744421111989	0.31502198563704614	0.3290336391572742	0.34544629723644654	0.2839511561154412	0.28470681019727795	0.282181689193181
FAT_010-22-84-0.bam	0.06349899795573155	0.08183822536842664	0.06399709616589264	0.10204744421111989	0.0	0.2510726372615336	0.2615468073398693	0.28095585043619825	0.27043756479620246	0.2564291052405134	0.25678651587261986
FAT_014-22-0-0.bam	0.2759502573040462	0.2003576507794275	0.2748957025396635	0.31502198563704614	0.2510726372615336	0.0	0.0295646946643043	0.02440945942079338	0.293211895388753	0.2662751346154707	0.25953495842034335
FAT_014-22-2-0.bam	0.2919788631835134	0.2039440954166325	0.29065504890618205	0.3290336391572742	0.2615468073398693	0.0295646946643043	0.0	0.02187248603278995	0.27957336122658705	0.26469881609065893	0.26200658585112363
FAT_014-22-84-0.bam	0.3087637436705232	0.22834793717137986	0.3081287157618574	0.34544629723644654	0.28095585043619825	0.02440945942079338	0.02187248603278995	0.0	0.3015604992467801	0.28194131661723515	0.27577185766895673
FAT_023-22-14-0.bam	0.27738685331687996	0.25117429928863044	0.2748025583260095	0.2839511561154412	0.27043756479620246	0.293211895388753	0.27957336122658705	0.3015604992467801	0.0	0.08704728054607656	0.09962284949841513
FAT_023-22-42-0.bam	0.27395573307834226	0.2374847490241333	0.2716070761868278	0.28470681019727795	0.2564291052405134	0.2662751346154707	0.26469881609065893	0.28194131661723515	0.08704728054607656	0.0	0.061658371683687735
FAT_023-22-84-0.bam	0.2718299670137252	0.23769387958240273	0.26526014279596866	0.282181689193181	0.25678651587261986	0.25953495842034335	0.26200658585112363	0.27577185766895673	0.09962284949841513	0.061658371683687735	0.0
