	FAT_010-22-2-0.bam	FAT_010-22-42-0.bam	FAT_014-22-0-0.bam	FAT_014-22-14-0.bam	FAT_014-22-2-0.bam	FAT_014-22-42-0.bam	FAT_014-22-84-0.bam	FAT_017-22-2-0.bam	FAT_017-22-42-0.bam	FAT_024-22-84-0.bam
FAT_010-22-2-0.bam	0.0	0.09891635650702435	0.19865753146879497	0.198842472980404	0.19581769170460603	0.21167259890490714	0.20653963949340834	0.20221423168170052	0.19749071904177518	0.17568248900332362
FAT_010-22-42-0.bam	0.09891635650702435	0.0	0.16428919768986222	0.15799229889826452	0.15374026677650188	0.16829616009450032	0.15896423078939534	0.18833316922707954	0.17369502029954312	0.14704817895863764
FAT_014-22-0-0.bam	0.19865753146879497	0.16428919768986222	0.0	0.07595170493243517	0.059672127965170324	0.17351512060211619	0.10548200431669896	0.2137618122426363	0.20267165680946622	0.17237060508154775
FAT_014-22-14-0.bam	0.198842472980404	0.15799229889826452	0.07595170493243517	0.0	0.06514131641307341	0.15831887617499873	0.10143087884030208	0.198708084435943	0.19054481424690237	0.14531007177215044
FAT_014-22-2-0.bam	0.19581769170460603	0.15374026677650188	0.059672127965170324	0.06514131641307341	0.0	0.15998938924364006	0.09523999539518176	0.19473761658962244	0.1847154689451986	0.14494490724843367
FAT_014-22-42-0.bam	0.21167259890490714	0.16829616009450032	0.17351512060211619	0.15831887617499873	0.15998938924364006	0.0	0.12689965733382796	0.18534250880344005	0.18352669840179	0.1608021901677745
FAT_014-22-84-0.bam	0.20653963949340834	0.15896423078939534	0.10548200431669896	0.10143087884030208	0.09523999539518176	0.12689965733382796	0.0	0.17504511350426222	0.1643709649639193	0.16064224475284794
FAT_017-22-2-0.bam	0.20221423168170052	0.18833316922707954	0.2137618122426363	0.198708084435943	0.19473761658962244	0.18534250880344005	0.17504511350426222	0.0	0.0742697219633408	0.16796720730405973
FAT_017-22-42-0.bam	0.19749071904177518	0.17369502029954312	0.20267165680946622	0.19054481424690237	0.1847154689451986	0.18352669840179	0.1643709649639193	0.0742697219633408	0.0	0.1669543607883466
FAT_024-22-84-0.bam	0.17568248900332362	0.14704817895863764	0.17237060508154775	0.14531007177215044	0.14494490724843367	0.1608021901677745	0.16064224475284794	0.16796720730405973	0.1669543607883466	0.0
