	FAT_010-22-0-0.bam	FAT_010-22-14-0.bam	FAT_010-22-2-0.bam	FAT_010-22-42-0.bam	FAT_014-22-2-0.bam	FAT_014-22-42-0.bam	FAT_023-22-42-0.bam
FAT_010-22-0-0.bam	0.0	0.0	0.0	0.0	0.4251497005988024	0.437125748502994	0.39520958083832336
FAT_010-22-14-0.bam	0.0	0.0	0.0	0.0	0.40119760479041916	0.41317365269461076	0.39520958083832336
FAT_010-22-2-0.bam	0.0	0.0	0.0	0.0	0.41317365269461076	0.4251497005988024	0.40119760479041916
FAT_010-22-42-0.bam	0.0	0.0	0.0	0.0	0.3772455089820359	0.38922155688622756	0.3473053892215569
FAT_014-22-2-0.bam	0.4251497005988024	0.40119760479041916	0.41317365269461076	0.3772455089820359	0.0	0.011976047904191617	0.30538922155688625
FAT_014-22-42-0.bam	0.437125748502994	0.41317365269461076	0.4251497005988024	0.38922155688622756	0.011976047904191617	0.0	0.31736526946107785
FAT_023-22-42-0.bam	0.39520958083832336	0.39520958083832336	0.40119760479041916	0.3473053892215569	0.30538922155688625	0.31736526946107785	0.0
