	FAT_010-22-0-0.bam	FAT_010-22-14-0.bam	FAT_010-22-2-0.bam	FAT_010-22-42-0.bam	FAT_017-22-42-0.bam	FAT_023-22-14-0.bam	FAT_023-22-42-0.bam	FAT_023-22-84-0.bam
FAT_010-22-0-0.bam	0.0	0.0034074545772636126	0.0021169354838709675	0.0018433179723502302	0.38571061554932523	0.39633145752097365	0.3765229672347793	0.3772344814683524
FAT_010-22-14-0.bam	0.0034074545772636126	0.0	0.0012905190933926451	0.0020249660980009403	0.38589226367497587	0.3957799678167124	0.37724224976903215	0.37741612959400317
FAT_010-22-2-0.bam	0.0021169354838709675	0.0012905190933926451	0.0	0.0007344470046082949	0.3846017445815833	0.3952225865532317	0.3759517306756396	0.3761256105006105
FAT_010-22-42-0.bam	0.0018433179723502302	0.0020249660980009403	0.0007344470046082949	0.0	0.3843281270700626	0.39494896904171095	0.3756781131641188	0.3758519929890897
FAT_017-22-42-0.bam	0.38571061554932523	0.38589226367497587	0.3846017445815833	0.3843281270700626	0.0	0.3177499583749584	0.3135632013351209	0.31605224972160456
FAT_023-22-14-0.bam	0.39633145752097365	0.3957799678167124	0.3952225865532317	0.39494896904171095	0.3177499583749584	0.0	0.05814040659536483	0.05681188211430147
FAT_023-22-42-0.bam	0.3765229672347793	0.37724224976903215	0.3759517306756396	0.3756781131641188	0.3135632013351209	0.05814040659536483	0.0	0.025236892910367154
FAT_023-22-84-0.bam	0.3772344814683524	0.37741612959400317	0.3761256105006105	0.3758519929890897	0.31605224972160456	0.05681188211430147	0.025236892910367154	0.0
