	FAT_010-22-0-0.bam	FAT_010-22-14-0.bam	FAT_010-22-2-0.bam	FAT_010-22-42-0.bam	FAT_010-22-84-0.bam	FAT_014-22-14-0.bam	FAT_014-22-2-0.bam	FAT_014-22-42-0.bam	FAT_014-22-84-0.bam	FAT_017-22-0-0.bam	FAT_017-22-14-0.bam	FAT_017-22-42-0.bam	FAT_023-22-14-0.bam	FAT_023-22-42-0.bam	FAT_023-22-84-0.bam	FAT_024-22-0-0.bam	FAT_024-22-14-0.bam	FAT_024-22-42-0.bam	FAT_024-22-84-0.bam
FAT_010-22-0-0.bam	0.0	0.033465121245454116	0.015946191407365324	0.038138610258380126	0.0438813317016506	0.2992826485813896	0.31415780390073716	0.3036341346275855	0.26615449114565864	0.3087301101051757	0.3070122910527791	0.3060749938813963	0.3321968821476373	0.3297796640291707	0.3410836672661852	0.36190874010148805	0.3630990361262817	0.3556045170113593	0.3556045170113593
FAT_010-22-14-0.bam	0.033465121245454116	0.0	0.039475104687359215	0.06944842909049205	0.07321961074359255	0.28681190239075105	0.3002930424992853	0.29294010987441244	0.2556328865891438	0.3029964337608227	0.3012975876873271	0.3003413175370433	0.32357341725464295	0.3183942179587246	0.3325604752207838	0.35847437658768716	0.35896960237091535	0.3514201980959144	0.3514201980959144
FAT_010-22-2-0.bam	0.015946191407365324	0.039475104687359215	0.0	0.03115651761235938	0.037773842247964366	0.3023515348190159	0.31728485977895954	0.3040308807654292	0.2726556269114505	0.3116720711562759	0.31020668096478127	0.3090169549324965	0.33602059752689095	0.33355891760168876	0.34486292083870335	0.35807697632558794	0.36285009550300495	0.3552555692148402	0.3552555692148402
FAT_010-22-42-0.bam	0.038138610258380126	0.06944842909049205	0.03115651761235938	0.0	0.019640131881437577	0.31053857616920083	0.32663984713647654	0.312017924572707	0.2746484374032763	0.3137242288578682	0.3100743847325448	0.3110691126340888	0.34130721037716694	0.3387840582095198	0.35008806144653426	0.3601242034263429	0.366933368822052	0.35929136261157274	0.35929136261157274
FAT_010-22-84-0.bam	0.0438813317016506	0.07321961074359255	0.037773842247964366	0.019640131881437577	0.0	0.30538073284582645	0.32057107083872144	0.30948469294180797	0.26625923930419265	0.3077822867429475	0.3011648678968524	0.3051271705191681	0.33600614737461976	0.33354463547444396	0.3448486387114585	0.3578990599917823	0.3644572262841762	0.35684401242878844	0.35684401242878844
FAT_014-22-14-0.bam	0.2992826485813896	0.28681190239075105	0.3023515348190159	0.31053857616920083	0.30538073284582645	0.0	0.004897528631705847	0.008286951144094	0.003992673992673994	0.35438032644807166	0.3525132275132275	0.34884969426738094	0.37687011949987737	0.3716515201096275	0.3792436132039415	0.3301613408521303	0.3360735669559199	0.32738095238095233	0.32738095238095233
FAT_014-22-2-0.bam	0.31415780390073716	0.3002930424992853	0.31728485977895954	0.32663984713647654	0.32057107083872144	0.004897528631705847	0.0	0.007318078746650176	0.005192939244663383	0.374102392745761	0.37339124839124843	0.36808170454905964	0.3860428347419298	0.379558297973367	0.3856562214157151	0.30352829537612147	0.3130441495826111	0.30387281494876434	0.30387281494876434
FAT_014-22-42-0.bam	0.3036341346275855	0.29294010987441244	0.3040308807654292	0.312017924572707	0.30948469294180797	0.008286951144094	0.007318078746650176	0.0	0.006493506493506493	0.38737597805920787	0.38951048951048955	0.3813330810793217	0.3813975027530015	0.3743943599552635	0.3849120977062154	0.31666666666666665	0.32779398540268107	0.31883116883116885	0.31883116883116885
FAT_014-22-84-0.bam	0.26615449114565864	0.2556328865891438	0.2726556269114505	0.2746484374032763	0.26625923930419265	0.003992673992673994	0.005192939244663383	0.006493506493506493	0.0	0.33843287147634976	0.33458333333333334	0.33331072436335596	0.3993029488893459	0.3907386086985662	0.402098143184116	0.3297727272727273	0.3309831227799978	0.3261538461538461	0.3261538461538461
FAT_017-22-0-0.bam	0.3087301101051757	0.3029964337608227	0.3116720711562759	0.3137242288578682	0.3077822867429475	0.35438032644807166	0.374102392745761	0.38737597805920787	0.33843287147634976	0.0	0.007562686910512997	0.011180278287869688	0.34980420361945863	0.3372520425749485	0.350997844816616	0.4324483082706767	0.42599562273475317	0.427885309836776	0.427885309836776
FAT_017-22-14-0.bam	0.3070122910527791	0.3012975876873271	0.31020668096478127	0.3100743847325448	0.3011648678968524	0.3525132275132275	0.37339124839124843	0.38951048951048955	0.33458333333333334	0.007562686910512997	0.0	0.013243652059441531	0.35987974239812476	0.3462111834617609	0.3546378397685587	0.4158702213279678	0.41233610139860144	0.4146825396825397	0.4146825396825397
FAT_017-22-42-0.bam	0.3060749938813963	0.3003413175370433	0.3090169549324965	0.3110691126340888	0.3051271705191681	0.34884969426738094	0.36808170454905964	0.3813330810793217	0.33331072436335596	0.011180278287869688	0.013243652059441531	0.0	0.3509472772416681	0.3383818246434113	0.34991278746093707	0.42796254991545846	0.42377735181914755	0.42446884256094786	0.42446884256094786
FAT_023-22-14-0.bam	0.3321968821476373	0.32357341725464295	0.33602059752689095	0.34130721037716694	0.33600614737461976	0.37687011949987737	0.3860428347419298	0.3813975027530015	0.3993029488893459	0.34980420361945863	0.35987974239812476	0.3509472772416681	0.0	0.015259189414163139	0.019577734837250407	0.4665586080586081	0.46092508293138545	0.4546012119368521	0.4546012119368521
FAT_023-22-42-0.bam	0.3297796640291707	0.3183942179587246	0.33355891760168876	0.3387840582095198	0.33354463547444396	0.3716515201096275	0.379558297973367	0.3743943599552635	0.3907386086985662	0.3372520425749485	0.3462111834617609	0.3383818246434113	0.015259189414163139	0.0	0.021727373440243825	0.4687633603696508	0.4627002369432735	0.4564292580066779	0.4564292580066779
FAT_023-22-84-0.bam	0.3410836672661852	0.3325604752207838	0.34486292083870335	0.35008806144653426	0.3448486387114585	0.3792436132039415	0.3856562214157151	0.3849120977062154	0.402098143184116	0.350997844816616	0.3546378397685587	0.34991278746093707	0.019577734837250407	0.021727373440243825	0.0	0.4793085623097233	0.4728418198487403	0.4664529155295229	0.4664529155295229
FAT_024-22-0-0.bam	0.36190874010148805	0.35847437658768716	0.35807697632558794	0.3601242034263429	0.3578990599917823	0.3301613408521303	0.30352829537612147	0.31666666666666665	0.3297727272727273	0.4324483082706767	0.4158702213279678	0.42796254991545846	0.4665586080586081	0.4687633603696508	0.4793085623097233	0.0	0.009335756835756836	0.0008223684210526315	0.0008223684210526315
FAT_024-22-14-0.bam	0.3630990361262817	0.35896960237091535	0.36285009550300495	0.366933368822052	0.3644572262841762	0.3360735669559199	0.3130441495826111	0.32779398540268107	0.3309831227799978	0.42599562273475317	0.41233610139860144	0.42377735181914755	0.46092508293138545	0.4627002369432735	0.4728418198487403	0.009335756835756836	0.0	0.00918281065339889	0.00918281065339889
FAT_024-22-42-0.bam	0.3556045170113593	0.3514201980959144	0.3552555692148402	0.35929136261157274	0.35684401242878844	0.32738095238095233	0.30387281494876434	0.31883116883116885	0.3261538461538461	0.427885309836776	0.4146825396825397	0.42446884256094786	0.4546012119368521	0.4564292580066779	0.4664529155295229	0.0008223684210526315	0.00918281065339889	0.0	0.0
FAT_024-22-84-0.bam	0.3556045170113593	0.3514201980959144	0.3552555692148402	0.35929136261157274	0.35684401242878844	0.32738095238095233	0.30387281494876434	0.31883116883116885	0.3261538461538461	0.427885309836776	0.4146825396825397	0.42446884256094786	0.4546012119368521	0.4564292580066779	0.4664529155295229	0.0008223684210526315	0.00918281065339889	0.0	0.0
