	FAT_010-22-0-0.bam	FAT_010-22-14-0.bam	FAT_010-22-2-0.bam	FAT_010-22-42-0.bam	FAT_010-22-84-0.bam	FAT_014-22-0-0.bam	FAT_014-22-2-0.bam	FAT_014-22-84-0.bam	FAT_023-22-14-0.bam	FAT_023-22-42-0.bam	FAT_023-22-84-0.bam
FAT_010-22-0-0.bam	0.0	0.0	0.0	0.0	0.0	0.18791946308724833	0.24161073825503357	0.28187919463087246	0.1342281879194631	0.1610738255033557	0.15436241610738255
FAT_010-22-14-0.bam	0.0	0.0	0.013422818791946308	0.013422818791946308	0.0	0.08053691275167785	0.087248322147651	0.12080536912751678	0.10738255033557047	0.11409395973154363	0.10067114093959731
FAT_010-22-2-0.bam	0.0	0.013422818791946308	0.0	0.0	0.0	0.21476510067114093	0.28859060402684567	0.31543624161073824	0.174496644295302	0.19463087248322147	0.18120805369127516
FAT_010-22-42-0.bam	0.0	0.013422818791946308	0.0	0.0	0.006711409395973154	0.2684563758389262	0.3422818791946309	0.3691275167785235	0.2080536912751678	0.22818791946308725	0.24161073825503357
FAT_010-22-84-0.bam	0.0	0.0	0.0	0.006711409395973154	0.0	0.174496644295302	0.22818791946308725	0.2550335570469799	0.1476510067114094	0.18120805369127516	0.16778523489932887
FAT_014-22-0-0.bam	0.18791946308724833	0.08053691275167785	0.21476510067114093	0.2684563758389262	0.174496644295302	0.0	0.0	0.0	0.16778523489932887	0.18120805369127516	0.174496644295302
FAT_014-22-2-0.bam	0.24161073825503357	0.087248322147651	0.28859060402684567	0.3422818791946309	0.22818791946308725	0.0	0.0	0.0	0.19463087248322147	0.2080536912751678	0.2080536912751678
FAT_014-22-84-0.bam	0.28187919463087246	0.12080536912751678	0.31543624161073824	0.3691275167785235	0.2550335570469799	0.0	0.0	0.0	0.2214765100671141	0.22818791946308725	0.21476510067114093
FAT_023-22-14-0.bam	0.1342281879194631	0.10738255033557047	0.174496644295302	0.2080536912751678	0.1476510067114094	0.16778523489932887	0.19463087248322147	0.2214765100671141	0.0	0.020134228187919462	0.006711409395973154
FAT_023-22-42-0.bam	0.1610738255033557	0.11409395973154363	0.19463087248322147	0.22818791946308725	0.18120805369127516	0.18120805369127516	0.2080536912751678	0.22818791946308725	0.020134228187919462	0.0	0.0
FAT_023-22-84-0.bam	0.15436241610738255	0.10067114093959731	0.18120805369127516	0.24161073825503357	0.16778523489932887	0.174496644295302	0.2080536912751678	0.21476510067114093	0.006711409395973154	0.0	0.0
