	FAT_010-22-0-0.bam	FAT_010-22-2-0.bam	FAT_010-22-84-0.bam	FAT_014-22-0-0.bam	FAT_014-22-42-0.bam	FAT_014-22-84-0.bam	FAT_023-22-14-0.bam	FAT_023-22-2-0.bam	FAT_023-22-42-0.bam	FAT_023-22-84-0.bam	FAT_024-22-42-0.bam
FAT_010-22-0-0.bam	0.0	0.00617583543676574	0.018203157137937794	0.2711181503318216	0.33776135722621087	0.30539612095684676	0.3449035015845564	0.3449708661637839	0.34487867943971784	0.347630859458396	0.23940349029834623
FAT_010-22-2-0.bam	0.00617583543676574	0.0	0.018858365071641833	0.2579320757839001	0.33692696126575766	0.305881466924427	0.32981910482816923	0.3286291195084753	0.32904963480119653	0.33150012015248614	0.24644981800417393
FAT_010-22-84-0.bam	0.018203157137937794	0.018858365071641833	0.0	0.27620472532563567	0.33550230637714573	0.3062215366238317	0.33894440200915965	0.3389019347447272	0.33871355717802926	0.3416202030976143	0.24654654145731555
FAT_014-22-0-0.bam	0.2711181503318216	0.2579320757839001	0.27620472532563567	0.0	0.37751647195690635	0.3779979730325081	0.40669114724533445	0.3891135959104116	0.40596708606399273	0.40888075112685185	0.31776504462615573
FAT_014-22-42-0.bam	0.33776135722621087	0.33692696126575766	0.33550230637714573	0.37751647195690635	0.0	0.07103033405009367	0.38916934274766596	0.38236887255820645	0.3876298968158734	0.38997459473585266	0.33218668539775237
FAT_014-22-84-0.bam	0.30539612095684676	0.305881466924427	0.3062215366238317	0.3779979730325081	0.07103033405009367	0.0	0.3658906611468973	0.36836705183610535	0.36601880070433007	0.3680564649862242	0.287959136207957
FAT_023-22-14-0.bam	0.3449035015845564	0.32981910482816923	0.33894440200915965	0.40669114724533445	0.38916934274766596	0.3658906611468973	0.0	0.01876283204457992	0.005000741186538282	0.006904168686387457	0.3663553058380645
FAT_023-22-2-0.bam	0.3449708661637839	0.3286291195084753	0.3389019347447272	0.3891135959104116	0.38236887255820645	0.36836705183610535	0.01876283204457992	0.0	0.01924754039986798	0.021875605580876572	0.3675158974983319
FAT_023-22-42-0.bam	0.34487867943971784	0.32904963480119653	0.33871355717802926	0.40596708606399273	0.3876298968158734	0.36601880070433007	0.005000741186538282	0.01924754039986798	0.0	0.006579304574791066	0.3649415444933384
FAT_023-22-84-0.bam	0.347630859458396	0.33150012015248614	0.3416202030976143	0.40888075112685185	0.38997459473585266	0.3680564649862242	0.006904168686387457	0.021875605580876572	0.006579304574791066	0.0	0.36754269764594116
FAT_024-22-42-0.bam	0.23940349029834623	0.24644981800417393	0.24654654145731555	0.31776504462615573	0.33218668539775237	0.287959136207957	0.3663553058380645	0.3675158974983319	0.3649415444933384	0.36754269764594116	0.0
