	FAT_010-22-0-0.bam	FAT_010-22-14-0.bam	FAT_010-22-2-0.bam	FAT_010-22-42-0.bam	FAT_014-22-2-0.bam	FAT_014-22-42-0.bam	FAT_023-22-42-0.bam
FAT_010-22-0-0.bam	0.0	0.06516720296450014	0.03220715482908958	0.106174306499354	0.4245836845351614	0.4452834697328111	0.4315265849563527
FAT_010-22-14-0.bam	0.06516720296450014	0.0	0.05940351878018597	0.061517801511417926	0.4279085874877543	0.449107374681412	0.4261526562364725
FAT_010-22-2-0.bam	0.03220715482908958	0.05940351878018597	0.0	0.09294893106185145	0.42676840493006785	0.4481346892972108	0.42998416989473437
FAT_010-22-42-0.bam	0.106174306499354	0.061517801511417926	0.09294893106185145	0.0	0.4341692126473239	0.4566242286421205	0.4240674813811907
FAT_014-22-2-0.bam	0.4245836845351614	0.4279085874877543	0.42676840493006785	0.4341692126473239	0.0	0.025254611608763557	0.3595249513231661
FAT_014-22-42-0.bam	0.4452834697328111	0.449107374681412	0.4481346892972108	0.4566242286421205	0.025254611608763557	0.0	0.3800769800856341
FAT_023-22-42-0.bam	0.4315265849563527	0.4261526562364725	0.42998416989473437	0.4240674813811907	0.3595249513231661	0.3800769800856341	0.0
