	FAT_010-22-2-0.bam	FAT_014-22-14-0.bam	FAT_014-22-2-0.bam	FAT_023-22-42-0.bam	FAT_024-22-14-0.bam	FAT_024-22-42-0.bam
FAT_010-22-2-0.bam	0.0	0.28065770008441165	0.2765116776089199	0.19476275358628298	0.22952418040255718	0.2338389602479174
FAT_014-22-14-0.bam	0.28065770008441165	0.0	0.0619877979596132	0.26073960413416375	0.29575164033157114	0.29259451525363644
FAT_014-22-2-0.bam	0.2765116776089199	0.0619877979596132	0.0	0.25398021866111037	0.29184244307002133	0.2931200271250825
FAT_023-22-42-0.bam	0.19476275358628298	0.26073960413416375	0.25398021866111037	0.0	0.21937951583342927	0.22630742427283013
FAT_024-22-14-0.bam	0.22952418040255718	0.29575164033157114	0.29184244307002133	0.21937951583342927	0.0	0.10180796914391231
FAT_024-22-42-0.bam	0.2338389602479174	0.29259451525363644	0.2931200271250825	0.22630742427283013	0.10180796914391231	0.0
