	FAT_010-22-42-0.bam	FAT_017-22-0-0.bam	FAT_023-22-0-0.bam	FAT_023-22-14-0.bam	FAT_023-22-42-0.bam	FAT_023-22-84-0.bam
FAT_010-22-42-0.bam	0.0	0.5597800055694793	0.6762962962962964	0.6762962962962964	0.6780588044184536	0.6755119825708061
FAT_017-22-0-0.bam	0.5597800055694793	0.0	0.5730075187969925	0.5730075187969925	0.5747700269191497	0.5722232050715023
FAT_023-22-0-0.bam	0.6762962962962964	0.5730075187969925	0.0	0.0	0.003019818063677713	0.0007843137254901978
FAT_023-22-14-0.bam	0.6762962962962964	0.5730075187969925	0.0	0.0	0.003019818063677713	0.0007843137254901978
FAT_023-22-42-0.bam	0.6780588044184536	0.5747700269191497	0.003019818063677713	0.003019818063677713	0.0	0.0038041317891679104
FAT_023-22-84-0.bam	0.6755119825708061	0.5722232050715023	0.0007843137254901978	0.0007843137254901978	0.0038041317891679104	0.0
