	FAT_010-22-14-0.bam	FAT_010-22-2-0.bam	FAT_017-22-42-0.bam	FAT_023-22-14-0.bam	FAT_023-22-42-0.bam	FAT_024-22-0-0.bam	FAT_024-22-14-0.bam
FAT_010-22-14-0.bam	0.0	0.006172839506172839	0.16635802469135802	0.12885802469135804	0.16610549943883277	0.29154795821462487	0.3323104056437389
FAT_010-22-2-0.bam	0.006172839506172839	0.0	0.16018518518518518	0.12268518518518519	0.15993265993265993	0.29772079772079774	0.3261375661375661
FAT_017-22-42-0.bam	0.16635802469135802	0.16018518518518518	0.0	0.2597222222222222	0.2830808080808081	0.4579059829059829	0.46515873015873016
FAT_023-22-14-0.bam	0.12885802469135804	0.12268518518518519	0.2597222222222222	0.0	0.037247474747474744	0.1981837606837607	0.20543650793650794
FAT_023-22-42-0.bam	0.16610549943883277	0.15993265993265993	0.2830808080808081	0.037247474747474744	0.0	0.23543123543123542	0.24268398268398267
FAT_024-22-0-0.bam	0.29154795821462487	0.29772079772079774	0.4579059829059829	0.1981837606837607	0.23543123543123542	0.0	0.1794139194139194
FAT_024-22-14-0.bam	0.3323104056437389	0.3261375661375661	0.46515873015873016	0.20543650793650794	0.24268398268398267	0.1794139194139194	0.0
