	FAT_010-22-84-0.bam	FAT_017-22-0-0.bam	FAT_017-22-14-0.bam	FAT_017-22-42-0.bam	FAT_023-22-14-0.bam	FAT_023-22-42-0.bam
FAT_010-22-84-0.bam	0.0	0.2903285227390729	0.2860775210614127	0.28209214153351714	0.4433713338477685	0.43590083344583813
FAT_017-22-0-0.bam	0.2903285227390729	0.0	0.06151790667443376	0.044154071612109644	0.33083273338255453	0.33070832099492076
FAT_017-22-14-0.bam	0.2860775210614127	0.06151790667443376	0.0	0.02932714936715756	0.3139462391436451	0.30960206203239665
FAT_017-22-42-0.bam	0.28209214153351714	0.044154071612109644	0.02932714936715756	0.0	0.3223025847730086	0.32119850629020835
FAT_023-22-14-0.bam	0.4433713338477685	0.33083273338255453	0.3139462391436451	0.3223025847730086	0.0	0.052252270436554595
FAT_023-22-42-0.bam	0.43590083344583813	0.33070832099492076	0.30960206203239665	0.32119850629020835	0.052252270436554595	0.0
