	FAT_010-22-0-0.bam	FAT_010-22-14-0.bam	FAT_010-22-2-0.bam	FAT_010-22-42-0.bam	FAT_010-22-84-0.bam	FAT_014-22-14-0.bam	FAT_014-22-2-0.bam	FAT_014-22-42-0.bam	FAT_017-22-0-0.bam	FAT_017-22-14-0.bam	FAT_017-22-2-0.bam	FAT_017-22-42-0.bam	FAT_023-22-14-0.bam	FAT_023-22-42-0.bam	FAT_023-22-84-0.bam
FAT_010-22-0-0.bam	0.0	0.0649535165996164	0.0317146251684862	0.0459222340951722	0.027184809404094103	0.2762591393415045	0.268595248638267	0.26984430842611723	0.2719783678359856	0.2829876884467354	0.2754899002477368	0.27210354929892816	0.28475309578764085	0.29333245590493096	0.29441139646993936
FAT_010-22-14-0.bam	0.0649535165996164	0.0	0.08786822834062764	0.027229331313373604	0.06576919938600385	0.2706551235419603	0.2713866315142043	0.27057517295334527	0.270653299553794	0.28027094100443584	0.274390746431801	0.26780495504831153	0.2807648901610988	0.2909928474205136	0.2936181325698171
FAT_010-22-2-0.bam	0.0317146251684862	0.08786822834062764	0.0	0.06583113747859778	0.035653935800348015	0.2719445047308376	0.26176054761787826	0.2636819600203628	0.2684038528862334	0.2768622334784327	0.27006943045293835	0.27226455022737717	0.2779010998334376	0.28597797193850805	0.28738380612028724
FAT_010-22-42-0.bam	0.0459222340951722	0.027229331313373604	0.06583113747859778	0.0	0.04441014734858247	0.2712361955017911	0.2683365613511056	0.26821643031592574	0.2689897571933664	0.28022353517014575	0.27321242040671556	0.2663703776959707	0.27997297167096824	0.29017555050658	0.2921591048938418
FAT_010-22-84-0.bam	0.027184809404094103	0.06576919938600385	0.035653935800348015	0.04441014734858247	0.0	0.2775665068132621	0.2706728731161956	0.2713245177389406	0.2749955281659949	0.28566143500386926	0.27830954888078135	0.27614661244407707	0.28523694161834706	0.29265956749091543	0.29381443386489664
FAT_014-22-14-0.bam	0.2762591393415045	0.2706551235419603	0.2719445047308376	0.2712361955017911	0.2775665068132621	0.0	0.11143441049851138	0.1661851131757698	0.22757226727548618	0.22807932941783393	0.2243360391957464	0.23834081074924582	0.2999076624270122	0.31060189320263737	0.3102835775081735
FAT_014-22-2-0.bam	0.268595248638267	0.2713866315142043	0.26176054761787826	0.2683365613511056	0.2706728731161956	0.11143441049851138	0.0	0.12014093771761195	0.1521818590559702	0.14630634491037056	0.14797068964115084	0.1595671497786047	0.2909729218010664	0.2982194454222351	0.2984662842657715
FAT_014-22-42-0.bam	0.26984430842611723	0.27057517295334527	0.2636819600203628	0.26821643031592574	0.2713245177389406	0.1661851131757698	0.12014093771761195	0.0	0.1952201426893351	0.18626329969950803	0.19177886156468751	0.20419135197760438	0.2982058407984524	0.3064437523247876	0.30835418315441687
FAT_017-22-0-0.bam	0.2719783678359856	0.270653299553794	0.2684038528862334	0.2689897571933664	0.2749955281659949	0.22757226727548618	0.1521818590559702	0.1952201426893351	0.0	0.05665690744996779	0.0336733867678666	0.050606417969807624	0.3053779614709471	0.312410574968215	0.31365892155844444
FAT_017-22-14-0.bam	0.2829876884467354	0.28027094100443584	0.2768622334784327	0.28022353517014575	0.28566143500386926	0.22807932941783393	0.14630634491037056	0.18626329969950803	0.05665690744996779	0.0	0.04155094836853109	0.06012806255538537	0.29819654790871897	0.30844676714042224	0.30951416346813837
FAT_017-22-2-0.bam	0.2754899002477368	0.274390746431801	0.27006943045293835	0.27321242040671556	0.27830954888078135	0.2243360391957464	0.14797068964115084	0.19177886156468751	0.0336733867678666	0.04155094836853109	0.0	0.052597083582010776	0.30722090581993794	0.31587986162035875	0.31729748451854806
FAT_017-22-42-0.bam	0.27210354929892816	0.26780495504831153	0.27226455022737717	0.2663703776959707	0.27614661244407707	0.23834081074924582	0.1595671497786047	0.20419135197760438	0.050606417969807624	0.06012806255538537	0.052597083582010776	0.0	0.3192491627001133	0.3260799823810677	0.32714181251991953
FAT_023-22-14-0.bam	0.28475309578764085	0.2807648901610988	0.2779010998334376	0.27997297167096824	0.28523694161834706	0.2999076624270122	0.2909729218010664	0.2982058407984524	0.3053779614709471	0.29819654790871897	0.30722090581993794	0.3192491627001133	0.0	0.01566450016563775	0.01828481040629597
FAT_023-22-42-0.bam	0.29333245590493096	0.2909928474205136	0.28597797193850805	0.29017555050658	0.29265956749091543	0.31060189320263737	0.2982194454222351	0.3064437523247876	0.312410574968215	0.30844676714042224	0.31587986162035875	0.3260799823810677	0.01566450016563775	0.0	0.014353276192813862
FAT_023-22-84-0.bam	0.29441139646993936	0.2936181325698171	0.28738380612028724	0.2921591048938418	0.29381443386489664	0.3102835775081735	0.2984662842657715	0.30835418315441687	0.31365892155844444	0.30951416346813837	0.31729748451854806	0.32714181251991953	0.01828481040629597	0.014353276192813862	0.0
