	FAT_014-22-0-0.bam	FAT_014-22-2-0.bam	FAT_017-22-0-0.bam	FAT_017-22-14-0.bam	FAT_017-22-2-0.bam	FAT_023-22-14-0.bam	FAT_023-22-2-0.bam	FAT_024-22-42-0.bam	FAT_024-22-84-0.bam
FAT_014-22-0-0.bam	0.0	0.0	0.45	0.4444444444444444	0.4437275985663083	0.22777777777777777	0.22335112704677923	0.3259259259259259	0.3111111111111111
FAT_014-22-2-0.bam	0.0	0.0	0.45	0.4444444444444444	0.4437275985663083	0.22777777777777777	0.22335112704677923	0.3259259259259259	0.3111111111111111
FAT_017-22-0-0.bam	0.45	0.45	0.0	0.005555555555555556	0.006272401433691756	0.36666666666666664	0.36409186778751995	0.5537037037037037	0.5388888888888889
FAT_017-22-14-0.bam	0.4444444444444444	0.4444444444444444	0.005555555555555556	0.0	0.0007168458781362001	0.3611111111111111	0.3585363122319644	0.548148148148148	0.5333333333333333
FAT_017-22-2-0.bam	0.4437275985663083	0.4437275985663083	0.006272401433691756	0.0007168458781362001	0.0	0.3603942652329749	0.3578194663538282	0.5474313022700119	0.5326164874551972
FAT_023-22-14-0.bam	0.22777777777777777	0.22777777777777777	0.36666666666666664	0.3611111111111111	0.3603942652329749	0.0	0.009502495806843632	0.42037037037037034	0.40555555555555556
FAT_023-22-2-0.bam	0.22335112704677923	0.22335112704677923	0.36409186778751995	0.3585363122319644	0.3578194663538282	0.009502495806843632	0.0	0.4148041184997707	0.40112890482455704
FAT_024-22-42-0.bam	0.3259259259259259	0.3259259259259259	0.5537037037037037	0.548148148148148	0.5474313022700119	0.42037037037037034	0.4148041184997707	0.0	0.014814814814814814
FAT_024-22-84-0.bam	0.3111111111111111	0.3111111111111111	0.5388888888888889	0.5333333333333333	0.5326164874551972	0.40555555555555556	0.40112890482455704	0.014814814814814814	0.0
