	FAT_014-22-0-0.bam	FAT_014-22-2-0.bam	FAT_017-22-0-0.bam	FAT_017-22-14-0.bam	FAT_017-22-2-0.bam	FAT_017-22-42-0.bam	FAT_017-22-84-0.bam	FAT_023-22-14-0.bam	FAT_023-22-2-0.bam	FAT_023-22-42-0.bam	FAT_023-22-84-0.bam
FAT_014-22-0-0.bam	0.0	0.0015506245288016785	0.2921146953405018	0.29057459677419356	0.2903225806451613	0.28307464892830747	0.27	0.23525862457214916	0.23545768721053348	0.23051832990857385	0.24014879982621917
FAT_014-22-2-0.bam	0.0015506245288016785	0.0	0.31409850660715044	0.3127045487807109	0.31247644659092993	0.30608422794955303	0.3008849557522124	0.2574031249776864	0.2562867850726882	0.2510536097029905	0.2678418100712043
FAT_017-22-0-0.bam	0.2921146953405018	0.31409850660715044	0.0	0.002641908212560387	0.002415458937198068	0.0046666753407844	0.0029239766081871348	0.2564804303131509	0.24981273557360512	0.2514203295869247	0.28049722862806975
FAT_017-22-14-0.bam	0.29057459677419356	0.3127045487807109	0.002641908212560387	0.0	0.00022644927536231884	0.003272717514344822	0.00027412280701754384	0.25461666397328164	0.24797598034011076	0.24957016738092305	0.2781283293549649
FAT_017-22-2-0.bam	0.2903225806451613	0.31247644659092993	0.002415458937198068	0.00022644927536231884	0.0	0.0030446153245638	0.0	0.2548464433850463	0.2482024296154731	0.24979826957070408	0.27842038542973124
FAT_017-22-42-0.bam	0.28307464892830747	0.30608422794955303	0.0046666753407844	0.003272717514344822	0.0030446153245638	0.0	0.0026501348729354975	0.2501652372681784	0.24404199612228808	0.24428208037637103	0.27161303057529473
FAT_017-22-84-0.bam	0.27	0.3008849557522124	0.0029239766081871348	0.00027412280701754384	0.0	0.0026501348729354975	0.0	0.2367604902537938	0.23677994700970095	0.24201234736112404	0.27459013543350896
FAT_023-22-14-0.bam	0.23525862457214916	0.2574031249776864	0.2564804303131509	0.25461666397328164	0.2548464433850463	0.2501652372681784	0.2367604902537938	0.0	0.034479122437059286	0.04200323224342833	0.03678241335384193
FAT_023-22-2-0.bam	0.23545768721053348	0.2562867850726882	0.24981273557360512	0.24797598034011076	0.2482024296154731	0.24404199612228808	0.23677994700970095	0.034479122437059286	0.0	0.029137583081109777	0.0341671964953988
FAT_023-22-42-0.bam	0.23051832990857385	0.2510536097029905	0.2514203295869247	0.24957016738092305	0.24979826957070408	0.24428208037637103	0.24201234736112404	0.04200323224342833	0.029137583081109777	0.0	0.03619051284145624
FAT_023-22-84-0.bam	0.24014879982621917	0.2678418100712043	0.28049722862806975	0.2781283293549649	0.27842038542973124	0.27161303057529473	0.27459013543350896	0.03678241335384193	0.0341671964953988	0.03619051284145624	0.0
