	FAT_010-22-2-0.bam	FAT_010-22-84-0.bam	FAT_014-22-0-0.bam	FAT_014-22-14-0.bam	FAT_014-22-2-0.bam	FAT_014-22-42-0.bam	FAT_014-22-84-0.bam	FAT_017-22-0-0.bam	FAT_017-22-2-0.bam	FAT_023-22-14-0.bam	FAT_023-22-2-0.bam	FAT_023-22-42-0.bam	FAT_023-22-84-0.bam	FAT_024-22-14-0.bam	FAT_024-22-42-0.bam	FAT_024-22-84-0.bam
FAT_010-22-2-0.bam	0.0	0.04047258567910122	0.06804595906863542	0.06465112568943418	0.06208836968885404	0.07933225871324123	0.07001313388622489	0.07661211787413715	0.12074337378777762	0.07801018728293899	0.07087296770337799	0.07173935369586527	0.08844219364102938	0.10713067866503286	0.08285954397887603	0.08934377049108208
FAT_010-22-84-0.bam	0.04047258567910122	0.0	0.09673242255360534	0.09439643662896026	0.09120936513851022	0.10900581739831716	0.0998958401100751	0.07989881864289922	0.12439490709242486	0.10502362012306526	0.09965568924512837	0.09416273540694141	0.11867954309119981	0.12457946599924345	0.09982564132881333	0.10014507258086477
FAT_014-22-0-0.bam	0.06804595906863542	0.09673242255360534	0.0	0.026945014930529525	0.021709572163972176	0.03712429763782595	0.019971146786647305	0.08342745940703125	0.12857754135188165	0.08312902758257126	0.0800793804258759	0.08451950383826629	0.09839628988343227	0.12349112333039489	0.09680935779172654	0.1099728170607945
FAT_014-22-14-0.bam	0.06465112568943418	0.09439643662896026	0.026945014930529525	0.0	0.026489711334569854	0.034888831701005964	0.029223807561022986	0.08839463158384092	0.1276766698236965	0.08544024316162172	0.07879750252961351	0.08873966900772004	0.09794850357296603	0.12283636268268573	0.09472636113355304	0.10918351289214152
FAT_014-22-2-0.bam	0.06208836968885404	0.09120936513851022	0.021709572163972176	0.026489711334569854	0.0	0.040266194298266604	0.017304777310782747	0.08517348543407145	0.1287098503389711	0.07857127743689275	0.07638452755559849	0.0808162800290828	0.0927933382849253	0.12353437576201237	0.09209614110987834	0.1075020851779973
FAT_014-22-42-0.bam	0.07933225871324123	0.10900581739831716	0.03712429763782595	0.034888831701005964	0.040266194298266604	0.0	0.04157180274103553	0.1053961015717738	0.1487473237313896	0.10448085346620468	0.09623837702169824	0.10979228307339008	0.116952780982012	0.1403412313792627	0.11589271798924994	0.12492065261401407
FAT_014-22-84-0.bam	0.07001313388622489	0.0998958401100751	0.019971146786647305	0.029223807561022986	0.017304777310782747	0.04157180274103553	0.0	0.0825496107365221	0.12833844825312576	0.08303248553691002	0.08232609764763271	0.0862553016399016	0.09998364139462233	0.1255732183461017	0.0948439297107974	0.11101730606593109
FAT_017-22-0-0.bam	0.07661211787413715	0.07989881864289922	0.08342745940703125	0.08839463158384092	0.08517348543407145	0.1053961015717738	0.0825496107365221	0.0	0.05588103443342061	0.08251870656607356	0.087376676125631	0.09101761439952762	0.09427412274239379	0.14277236498249052	0.12244552201126532	0.12480142981429068
FAT_017-22-2-0.bam	0.12074337378777762	0.12439490709242486	0.12857754135188165	0.1276766698236965	0.1287098503389711	0.1487473237313896	0.12833844825312576	0.05588103443342061	0.0	0.09832977522695299	0.10457525332059019	0.11133801471200191	0.09631024497578954	0.18842128815606163	0.159311107915275	0.1659397621920829
FAT_023-22-14-0.bam	0.07801018728293899	0.10502362012306526	0.08312902758257126	0.08544024316162172	0.07857127743689275	0.10448085346620468	0.08303248553691002	0.08251870656607356	0.09832977522695299	0.0	0.0444153915009756	0.054894472826776036	0.05050105551077767	0.11893008438228889	0.08579986973926143	0.1016141077666387
FAT_023-22-2-0.bam	0.07087296770337799	0.09965568924512837	0.0800793804258759	0.07879750252961351	0.07638452755559849	0.09623837702169824	0.08232609764763271	0.087376676125631	0.10457525332059019	0.0444153915009756	0.0	0.04253075825157254	0.046581322500884634	0.10292708814954582	0.08149001821705822	0.08949017777639288
FAT_023-22-42-0.bam	0.07173935369586527	0.09416273540694141	0.08451950383826629	0.08873966900772004	0.0808162800290828	0.10979228307339008	0.0862553016399016	0.09101761439952762	0.11133801471200191	0.054894472826776036	0.04253075825157254	0.0	0.05372581502320879	0.08921407207831049	0.05700046049927613	0.07993744758975851
FAT_023-22-84-0.bam	0.08844219364102938	0.11867954309119981	0.09839628988343227	0.09794850357296603	0.0927933382849253	0.116952780982012	0.09998364139462233	0.09427412274239379	0.09631024497578954	0.05050105551077767	0.046581322500884634	0.05372581502320879	0.0	0.120363490573817	0.09250122657889559	0.11470007035321692
FAT_024-22-14-0.bam	0.10713067866503286	0.12457946599924345	0.12349112333039489	0.12283636268268573	0.12353437576201237	0.1403412313792627	0.1255732183461017	0.14277236498249052	0.18842128815606163	0.11893008438228889	0.10292708814954582	0.08921407207831049	0.120363490573817	0.0	0.012565904989394656	0.015371777088874002
FAT_024-22-42-0.bam	0.08285954397887603	0.09982564132881333	0.09680935779172654	0.09472636113355304	0.09209614110987834	0.11589271798924994	0.0948439297107974	0.12244552201126532	0.159311107915275	0.08579986973926143	0.08149001821705822	0.05700046049927613	0.09250122657889559	0.012565904989394656	0.0	0.0005614823133071309
FAT_024-22-84-0.bam	0.08934377049108208	0.10014507258086477	0.1099728170607945	0.10918351289214152	0.1075020851779973	0.12492065261401407	0.11101730606593109	0.12480142981429068	0.1659397621920829	0.1016141077666387	0.08949017777639288	0.07993744758975851	0.11470007035321692	0.015371777088874002	0.0005614823133071309	0.0
