	FAT_010-22-0-0.bam	FAT_010-22-14-0.bam	FAT_010-22-2-0.bam	FAT_010-22-42-0.bam	FAT_010-22-84-0.bam	FAT_014-22-84-0.bam	FAT_017-22-0-0.bam	FAT_017-22-14-0.bam	FAT_017-22-2-0.bam	FAT_017-22-42-0.bam	FAT_017-22-84-0.bam
FAT_010-22-0-0.bam	0.0	0.04295904526402299	0.03836667217383938	0.026037753402017264	0.06600408312697849	0.20675719742187615	0.23591562885437847	0.2093672064976693	0.29015801513614925	0.21273723485927043	0.24861679932903608
FAT_010-22-14-0.bam	0.04295904526402299	0.0	0.04858054129616859	0.04107072373423194	0.05435807436316364	0.205624339241919	0.2343013828561304	0.19992371897677377	0.2943304487763767	0.2245899030347531	0.25282890177295303
FAT_010-22-2-0.bam	0.03836667217383938	0.04858054129616859	0.0	0.024463592880037376	0.058687144153029676	0.20467082461406375	0.22957264217349485	0.20690104862815428	0.29143993098472937	0.21913184689653667	0.2488137059169348
FAT_010-22-42-0.bam	0.026037753402017264	0.04107072373423194	0.024463592880037376	0.0	0.05694191992827549	0.20212172363422798	0.22998060651590382	0.20359164907653393	0.2908819912335369	0.21544864256874277	0.2485583084857037
FAT_010-22-84-0.bam	0.06600408312697849	0.05435807436316364	0.058687144153029676	0.05694191992827549	0.0	0.21264494401749304	0.23026266773137863	0.19537725057124306	0.2799496746327382	0.21901508718117715	0.24641670214659384
FAT_014-22-84-0.bam	0.20675719742187615	0.205624339241919	0.20467082461406375	0.20212172363422798	0.21264494401749304	0.0	0.1901944141716869	0.1769317284023166	0.2646016667556316	0.1958314172599887	0.22304288156730828
FAT_017-22-0-0.bam	0.23591562885437847	0.2343013828561304	0.22957264217349485	0.22998060651590382	0.23026266773137863	0.1901944141716869	0.0	0.058376668083647894	0.13494495504536672	0.07512281000653094	0.07684106871195347
FAT_017-22-14-0.bam	0.2093672064976693	0.19992371897677377	0.20690104862815428	0.20359164907653393	0.19537725057124306	0.1769317284023166	0.058376668083647894	0.0	0.13481274212471	0.06106684140199872	0.08070982434645059
FAT_017-22-2-0.bam	0.29015801513614925	0.2943304487763767	0.29143993098472937	0.2908819912335369	0.2799496746327382	0.2646016667556316	0.13494495504536672	0.13481274212471	0.0	0.13591024679343072	0.07630139274760203
FAT_017-22-42-0.bam	0.21273723485927043	0.2245899030347531	0.21913184689653667	0.21544864256874277	0.21901508718117715	0.1958314172599887	0.07512281000653094	0.06106684140199872	0.13591024679343072	0.0	0.07779953716457977
FAT_017-22-84-0.bam	0.24861679932903608	0.25282890177295303	0.2488137059169348	0.2485583084857037	0.24641670214659384	0.22304288156730828	0.07684106871195347	0.08070982434645059	0.07630139274760203	0.07779953716457977	0.0
