	FAT_010-22-0-0.bam	FAT_010-22-14-0.bam	FAT_010-22-2-0.bam	FAT_010-22-42-0.bam	FAT_010-22-84-0.bam	FAT_014-22-42-0.bam	FAT_014-22-84-0.bam	FAT_017-22-42-0.bam	FAT_017-22-84-0.bam	FAT_023-22-14-0.bam	FAT_023-22-2-0.bam	FAT_023-22-42-0.bam	FAT_024-22-0-0.bam	FAT_024-22-14-0.bam	FAT_024-22-2-0.bam
FAT_010-22-0-0.bam	0.0	0.015901511938118736	0.013174987602581649	0.01558059325622585	0.031877929282193	0.18169053665942872	0.14577607221837993	0.1908733271256272	0.20078975790943338	0.27851254148246635	0.3239562344435226	0.2815351547173824	0.1595066326703165	0.1803831843031285	0.15928449256371333
FAT_010-22-14-0.bam	0.015901511938118736	0.0	0.011566229538411577	0.016635891107824954	0.03591547703095385	0.1785553799288523	0.14312773061477432	0.1940702523076292	0.20275968510493755	0.2928203771496472	0.33675515216760654	0.29486286502206865	0.155306690483996	0.17690460622242624	0.15597638294497598
FAT_010-22-2-0.bam	0.013174987602581649	0.011566229538411577	0.0	0.014223486765202823	0.037862843766276764	0.1813523259888313	0.14567367265868905	0.19465706729650947	0.20343022076483794	0.29688788217241724	0.3429490927678063	0.29888136396022696	0.16054339770030976	0.18274372307729422	0.16182564279828135
FAT_010-22-42-0.bam	0.01558059325622585	0.016635891107824954	0.014223486765202823	0.0	0.03759049388191604	0.17714106462090282	0.14197533254097885	0.193812437534037	0.20118173205127812	0.2904942945200866	0.33387575362710187	0.29338019022752404	0.15914862399225785	0.1803162471317208	0.15879048303138873
FAT_010-22-84-0.bam	0.031877929282193	0.03591547703095385	0.037862843766276764	0.03759049388191604	0.0	0.18147070296071466	0.14787757562452347	0.1963536818982328	0.2071061170325876	0.2893946834112676	0.33166231151768344	0.2908840762742098	0.1598881628867162	0.18221709122183938	0.15882587085284725
FAT_014-22-42-0.bam	0.18169053665942872	0.1785553799288523	0.1813523259888313	0.17714106462090282	0.18147070296071466	0.0	0.036481866181547855	0.22154885895728324	0.206374995871456	0.25768119946483103	0.2908081152624893	0.27668937788249864	0.20608415785332554	0.22938800684096744	0.20235214445670033
FAT_014-22-84-0.bam	0.14577607221837993	0.14312773061477432	0.14567367265868905	0.14197533254097885	0.14787757562452347	0.036481866181547855	0.0	0.18760930488130048	0.1725135364319425	0.2235009745520015	0.2566261104347042	0.2415701049310139	0.17200736651661158	0.19433686355098584	0.1670731707317073
FAT_017-22-42-0.bam	0.1908733271256272	0.1940702523076292	0.19465706729650947	0.193812437534037	0.1963536818982328	0.22154885895728324	0.18760930488130048	0.0	0.04579729819341044	0.2548031652402723	0.26262236808392303	0.25019785464748956	0.13987790530976982	0.16047799668322285	0.12926733398169266
FAT_017-22-84-0.bam	0.20078975790943338	0.20275968510493755	0.20343022076483794	0.20118173205127812	0.2071061170325876	0.206374995871456	0.1725135364319425	0.04579729819341044	0.0	0.25320742576150407	0.2581930059494162	0.24956953246489022	0.15578405725822703	0.17451043398524274	0.14443587618328102
FAT_023-22-14-0.bam	0.27851254148246635	0.2928203771496472	0.29688788217241724	0.2904942945200866	0.2893946834112676	0.25768119946483103	0.2235009745520015	0.2548031652402723	0.25320742576150407	0.0	0.033866266588697666	0.030069546415433825	0.29251711645687556	0.3142195754122396	0.28543132168050944
FAT_023-22-2-0.bam	0.3239562344435226	0.33675515216760654	0.3429490927678063	0.33387575362710187	0.33166231151768344	0.2908081152624893	0.2566261104347042	0.26262236808392303	0.2581930059494162	0.033866266588697666	0.0	0.028191075410925935	0.33568228462709937	0.35588794852639183	0.3266166483428388
FAT_023-22-42-0.bam	0.2815351547173824	0.29486286502206865	0.29888136396022696	0.29338019022752404	0.2908840762742098	0.27668937788249864	0.2415701049310139	0.25019785464748956	0.24956953246489022	0.030069546415433825	0.028191075410925935	0.0	0.28067520150855985	0.3021161850548231	0.2728538984916144
FAT_024-22-0-0.bam	0.1595066326703165	0.155306690483996	0.16054339770030976	0.15914862399225785	0.1598881628867162	0.20608415785332554	0.17200736651661158	0.13987790530976982	0.15578405725822703	0.29251711645687556	0.33568228462709937	0.28067520150855985	0.0	0.027467605243598706	0.005434866340565609
FAT_024-22-14-0.bam	0.1803831843031285	0.17690460622242624	0.18274372307729422	0.1803162471317208	0.18221709122183938	0.22938800684096744	0.19433686355098584	0.16047799668322285	0.17451043398524274	0.3142195754122396	0.35588794852639183	0.3021161850548231	0.027467605243598706	0.0	0.028763101399758798
FAT_024-22-2-0.bam	0.15928449256371333	0.15597638294497598	0.16182564279828135	0.15879048303138873	0.15882587085284725	0.20235214445670033	0.1670731707317073	0.12926733398169266	0.14443587618328102	0.28543132168050944	0.3266166483428388	0.2728538984916144	0.005434866340565609	0.028763101399758798	0.0
