	FAT_010-22-2-0.bam	FAT_014-22-0-0.bam	FAT_014-22-2-0.bam	FAT_014-22-42-0.bam	FAT_014-22-84-0.bam	FAT_017-22-2-0.bam	FAT_023-22-14-0.bam	FAT_023-22-42-0.bam	FAT_024-22-0-0.bam	FAT_024-22-14-0.bam	FAT_024-22-2-0.bam	FAT_024-22-42-0.bam
FAT_010-22-2-0.bam	0.0	0.2132159630145126	0.20646399055489964	0.24221463924392211	0.20872489778739778	0.14204081632653062	0.10520545505648037	0.08543697609069852	0.12436863899424411	0.146303025476173	0.12575567823061556	0.12062695858045355
FAT_014-22-0-0.bam	0.2132159630145126	0.0	0.001724022942510338	0.03222318585983031	0.00468443557646344	0.1906596266825314	0.20844166266976427	0.18891140397952683	0.20651816536043752	0.22743506962134277	0.20807728346053522	0.21929948236604582
FAT_014-22-2-0.bam	0.20646399055489964	0.001724022942510338	0.0	0.03273989953487581	0.0020272601794340925	0.17734487734487733	0.19972478908869495	0.1751219134717206	0.20623572527267933	0.2282915443448457	0.20833826304617645	0.21876449883358914
FAT_014-22-42-0.bam	0.24221463924392211	0.03222318585983031	0.03273989953487581	0.0	0.032457877592463574	0.2216690006869295	0.23412789946944224	0.2199802314959284	0.236001344543199	0.2572767629168048	0.23456111162606683	0.24788822514856598
FAT_014-22-84-0.bam	0.20872489778739778	0.00468443557646344	0.0020272601794340925	0.032457877592463574	0.0	0.19500897000897	0.2048425888885963	0.1837224300185231	0.20407114116240882	0.22632105607847128	0.20565063989126595	0.21525331974248382
FAT_017-22-2-0.bam	0.14204081632653062	0.1906596266825314	0.17734487734487733	0.2216690006869295	0.19500897000897	0.0	0.16004908306713342	0.12297585455480192	0.11029788178879364	0.13084871644357177	0.11146531749601925	0.11336452978100944
FAT_023-22-14-0.bam	0.10520545505648037	0.20844166266976427	0.19972478908869495	0.23412789946944224	0.2048425888885963	0.16004908306713342	0.0	0.022552543588685737	0.10037496498526653	0.12062293574042235	0.10134336214936483	0.10142701923717504
FAT_023-22-42-0.bam	0.08543697609069852	0.18891140397952683	0.1751219134717206	0.2199802314959284	0.1837224300185231	0.12297585455480192	0.022552543588685737	0.0	0.10727329321995784	0.12891526806490572	0.10817014041460946	0.10564633396307334
FAT_024-22-0-0.bam	0.12436863899424411	0.20651816536043752	0.20623572527267933	0.236001344543199	0.20407114116240882	0.11029788178879364	0.10037496498526653	0.10727329321995784	0.0	0.02278042679077372	0.0027929207793631096	0.00955149287245644
FAT_024-22-14-0.bam	0.146303025476173	0.22743506962134277	0.2282915443448457	0.2572767629168048	0.22632105607847128	0.13084871644357177	0.12062293574042235	0.12891526806490572	0.02278042679077372	0.0	0.02403829895727778	0.028258980728789945
FAT_024-22-2-0.bam	0.12575567823061556	0.20807728346053522	0.20833826304617645	0.23456111162606683	0.20565063989126595	0.11146531749601925	0.10134336214936483	0.10817014041460946	0.0027929207793631096	0.02403829895727778	0.0	0.01015781056864238
FAT_024-22-42-0.bam	0.12062695858045355	0.21929948236604582	0.21876449883358914	0.24788822514856598	0.21525331974248382	0.11336452978100944	0.10142701923717504	0.10564633396307334	0.00955149287245644	0.028258980728789945	0.01015781056864238	0.0
