	FAT_010-22-0-0.bam	FAT_010-22-2-0.bam	FAT_023-22-0-0.bam	FAT_023-22-2-0.bam	FAT_023-22-42-0.bam	FAT_023-22-84-0.bam	FAT_024-22-42-0.bam
FAT_010-22-0-0.bam	0.0	0.0003341687552213861	0.47368421052631576	0.47368421052631576	0.47405533063427807	0.4741855807873975	0.7906346749226006
FAT_010-22-2-0.bam	0.0003341687552213861	0.0	0.47364243943191314	0.47364243943191314	0.4740135595398754	0.473851412032176	0.7905929038281979
FAT_023-22-0-0.bam	0.47368421052631576	0.47364243943191314	0.0	0.0	0.0012483130904183519	0.003951622686403334	0.611687306501548
FAT_023-22-2-0.bam	0.47368421052631576	0.47364243943191314	0.0	0.0	0.0012483130904183519	0.003951622686403334	0.611687306501548
FAT_023-22-42-0.bam	0.47405533063427807	0.4740135595398754	0.0012483130904183519	0.0012483130904183519	0.0	0.005199935776821685	0.6113161863935858
FAT_023-22-84-0.bam	0.4741855807873975	0.473851412032176	0.003951622686403334	0.003951622686403334	0.005199935776821685	0.0	0.6146819913889082
FAT_024-22-42-0.bam	0.7906346749226006	0.7905929038281979	0.611687306501548	0.611687306501548	0.6113161863935858	0.6146819913889082	0.0
