	FAT_014-22-84-0.bam	FAT_017-22-14-0.bam	FAT_023-22-42-0.bam	FAT_023-22-84-0.bam	FAT_024-22-0-0.bam	FAT_024-22-42-0.bam
FAT_014-22-84-0.bam	0.0	0.2191780821917808	0.2009132420091324	0.1780821917808219	0.1689497716894977	0.2054794520547945
FAT_017-22-14-0.bam	0.2191780821917808	0.0	0.1506849315068493	0.1461187214611872	0.1415525114155251	0.182648401826484
FAT_023-22-42-0.bam	0.2009132420091324	0.1506849315068493	0.0	0.0	0.1506849315068493	0.1780821917808219
FAT_023-22-84-0.bam	0.1780821917808219	0.1461187214611872	0.0	0.0	0.1278538812785388	0.1552511415525114
FAT_024-22-0-0.bam	0.1689497716894977	0.1415525114155251	0.1506849315068493	0.1278538812785388	0.0	0.0136986301369863
FAT_024-22-42-0.bam	0.2054794520547945	0.182648401826484	0.1780821917808219	0.1552511415525114	0.0136986301369863	0.0
