	FAT_010-22-14-0.bam	FAT_010-22-2-0.bam	FAT_010-22-42-0.bam	FAT_010-22-84-0.bam	FAT_014-22-0-0.bam	FAT_014-22-14-0.bam	FAT_014-22-2-0.bam	FAT_014-22-42-0.bam	FAT_014-22-84-0.bam	FAT_017-22-0-0.bam	FAT_017-22-2-0.bam	FAT_017-22-42-0.bam	FAT_017-22-84-0.bam	FAT_023-22-14-0.bam	FAT_023-22-2-0.bam	FAT_023-22-42-0.bam	FAT_024-22-0-0.bam	FAT_024-22-14-0.bam	FAT_024-22-2-0.bam	FAT_024-22-42-0.bam	FAT_024-22-84-0.bam
FAT_010-22-14-0.bam	0.0	0.0	0.002577319587628866	0.007731958762886598	0.028350515463917526	0.03608247422680412	0.02577319587628866	0.028350515463917526	0.020618556701030927	0.04381443298969072	0.028350515463917526	0.041237113402061855	0.015463917525773196	0.028350515463917526	0.02577319587628866	0.04381443298969072	0.09278350515463918	0.08762886597938144	0.08247422680412371	0.09536082474226804	0.05670103092783505
FAT_010-22-2-0.bam	0.0	0.0	0.0	0.007731958762886598	0.02577319587628866	0.03350515463917526	0.01804123711340206	0.023195876288659795	0.015463917525773196	0.04896907216494845	0.041237113402061855	0.04381443298969072	0.01804123711340206	0.023195876288659795	0.020618556701030927	0.03350515463917526	0.10824742268041238	0.10051546391752578	0.09020618556701031	0.10824742268041238	0.07731958762886598
FAT_010-22-42-0.bam	0.002577319587628866	0.0	0.0	0.0	0.023195876288659795	0.03350515463917526	0.023195876288659795	0.02577319587628866	0.01804123711340206	0.03350515463917526	0.02577319587628866	0.03865979381443299	0.010309278350515464	0.03350515463917526	0.02577319587628866	0.03608247422680412	0.0979381443298969	0.09278350515463918	0.08505154639175258	0.0979381443298969	0.06701030927835051
FAT_010-22-84-0.bam	0.007731958762886598	0.007731958762886598	0.0	0.0	0.020618556701030927	0.041237113402061855	0.020618556701030927	0.02577319587628866	0.020618556701030927	0.04639175257731959	0.04639175257731959	0.03865979381443299	0.020618556701030927	0.028350515463917526	0.028350515463917526	0.03865979381443299	0.10309278350515463	0.09536082474226804	0.08247422680412371	0.10051546391752578	0.06958762886597938
FAT_014-22-0-0.bam	0.028350515463917526	0.02577319587628866	0.023195876288659795	0.020618556701030927	0.0	0.005154639175257732	0.005154639175257732	0.007731958762886598	0.002577319587628866	0.010309278350515464	0.010309278350515464	0.01288659793814433	0.007731958762886598	0.010309278350515464	0.010309278350515464	0.010309278350515464	0.059278350515463915	0.04896907216494845	0.04381443298969072	0.059278350515463915	0.03608247422680412
FAT_014-22-14-0.bam	0.03608247422680412	0.03350515463917526	0.03350515463917526	0.041237113402061855	0.005154639175257732	0.0	0.010309278350515464	0.01804123711340206	0.010309278350515464	0.02577319587628866	0.02577319587628866	0.02577319587628866	0.020618556701030927	0.020618556701030927	0.023195876288659795	0.020618556701030927	0.04896907216494845	0.041237113402061855	0.03350515463917526	0.04896907216494845	0.02577319587628866
FAT_014-22-2-0.bam	0.02577319587628866	0.01804123711340206	0.023195876288659795	0.020618556701030927	0.005154639175257732	0.010309278350515464	0.0	0.005154639175257732	0.002577319587628866	0.01804123711340206	0.01804123711340206	0.01288659793814433	0.007731958762886598	0.01804123711340206	0.020618556701030927	0.01804123711340206	0.05154639175257732	0.04381443298969072	0.03350515463917526	0.05154639175257732	0.028350515463917526
FAT_014-22-42-0.bam	0.028350515463917526	0.023195876288659795	0.02577319587628866	0.02577319587628866	0.007731958762886598	0.01804123711340206	0.005154639175257732	0.0	0.005154639175257732	0.020618556701030927	0.010309278350515464	0.01288659793814433	0.010309278350515464	0.010309278350515464	0.010309278350515464	0.007731958762886598	0.06701030927835051	0.059278350515463915	0.059278350515463915	0.06958762886597938	0.03350515463917526
FAT_014-22-84-0.bam	0.020618556701030927	0.015463917525773196	0.01804123711340206	0.020618556701030927	0.002577319587628866	0.010309278350515464	0.002577319587628866	0.005154639175257732	0.0	0.01288659793814433	0.007731958762886598	0.007731958762886598	0.005154639175257732	0.010309278350515464	0.010309278350515464	0.005154639175257732	0.05670103092783505	0.04896907216494845	0.03865979381443299	0.05670103092783505	0.02577319587628866
FAT_017-22-0-0.bam	0.04381443298969072	0.04896907216494845	0.03350515463917526	0.04639175257731959	0.010309278350515464	0.02577319587628866	0.01804123711340206	0.020618556701030927	0.01288659793814433	0.0	0.002577319587628866	0.002577319587628866	0.002577319587628866	0.023195876288659795	0.01804123711340206	0.02577319587628866	0.08247422680412371	0.07989690721649484	0.07216494845360824	0.08247422680412371	0.059278350515463915
FAT_017-22-2-0.bam	0.028350515463917526	0.041237113402061855	0.02577319587628866	0.04639175257731959	0.010309278350515464	0.02577319587628866	0.01804123711340206	0.010309278350515464	0.007731958762886598	0.002577319587628866	0.0	0.0	0.0	0.01288659793814433	0.01804123711340206	0.01288659793814433	0.07216494845360824	0.06701030927835051	0.06443298969072164	0.07216494845360824	0.04896907216494845
FAT_017-22-42-0.bam	0.041237113402061855	0.04381443298969072	0.03865979381443299	0.03865979381443299	0.01288659793814433	0.02577319587628866	0.01288659793814433	0.01288659793814433	0.007731958762886598	0.002577319587628866	0.0	0.0	0.0	0.020618556701030927	0.020618556701030927	0.020618556701030927	0.07474226804123711	0.07216494845360824	0.07216494845360824	0.07474226804123711	0.05154639175257732
FAT_017-22-84-0.bam	0.015463917525773196	0.01804123711340206	0.010309278350515464	0.020618556701030927	0.007731958762886598	0.020618556701030927	0.007731958762886598	0.010309278350515464	0.005154639175257732	0.002577319587628866	0.0	0.0	0.0	0.010309278350515464	0.01288659793814433	0.010309278350515464	0.06701030927835051	0.05412371134020619	0.05670103092783505	0.061855670103092786	0.04381443298969072
FAT_023-22-14-0.bam	0.028350515463917526	0.023195876288659795	0.03350515463917526	0.028350515463917526	0.010309278350515464	0.020618556701030927	0.01804123711340206	0.010309278350515464	0.010309278350515464	0.023195876288659795	0.01288659793814433	0.020618556701030927	0.010309278350515464	0.0	0.0	0.0	0.07731958762886598	0.06443298969072164	0.06701030927835051	0.07731958762886598	0.05154639175257732
FAT_023-22-2-0.bam	0.02577319587628866	0.020618556701030927	0.02577319587628866	0.028350515463917526	0.010309278350515464	0.023195876288659795	0.020618556701030927	0.010309278350515464	0.010309278350515464	0.01804123711340206	0.01804123711340206	0.020618556701030927	0.01288659793814433	0.0	0.0	0.0	0.07989690721649484	0.06701030927835051	0.06701030927835051	0.07731958762886598	0.05412371134020619
FAT_023-22-42-0.bam	0.04381443298969072	0.03350515463917526	0.03608247422680412	0.03865979381443299	0.010309278350515464	0.020618556701030927	0.01804123711340206	0.007731958762886598	0.005154639175257732	0.02577319587628866	0.01288659793814433	0.020618556701030927	0.010309278350515464	0.0	0.0	0.0	0.07731958762886598	0.061855670103092786	0.07216494845360824	0.07216494845360824	0.04896907216494845
FAT_024-22-0-0.bam	0.09278350515463918	0.10824742268041238	0.0979381443298969	0.10309278350515463	0.059278350515463915	0.04896907216494845	0.05154639175257732	0.06701030927835051	0.05670103092783505	0.08247422680412371	0.07216494845360824	0.07474226804123711	0.06701030927835051	0.07731958762886598	0.07989690721649484	0.07731958762886598	0.0	0.0	0.0	0.0	0.0
FAT_024-22-14-0.bam	0.08762886597938144	0.10051546391752578	0.09278350515463918	0.09536082474226804	0.04896907216494845	0.041237113402061855	0.04381443298969072	0.059278350515463915	0.04896907216494845	0.07989690721649484	0.06701030927835051	0.07216494845360824	0.05412371134020619	0.06443298969072164	0.06701030927835051	0.061855670103092786	0.0	0.0	0.0	0.0	0.0
FAT_024-22-2-0.bam	0.08247422680412371	0.09020618556701031	0.08505154639175258	0.08247422680412371	0.04381443298969072	0.03350515463917526	0.03350515463917526	0.059278350515463915	0.03865979381443299	0.07216494845360824	0.06443298969072164	0.07216494845360824	0.05670103092783505	0.06701030927835051	0.06701030927835051	0.07216494845360824	0.0	0.0	0.0	0.0	0.0
FAT_024-22-42-0.bam	0.09536082474226804	0.10824742268041238	0.0979381443298969	0.10051546391752578	0.059278350515463915	0.04896907216494845	0.05154639175257732	0.06958762886597938	0.05670103092783505	0.08247422680412371	0.07216494845360824	0.07474226804123711	0.061855670103092786	0.07731958762886598	0.07731958762886598	0.07216494845360824	0.0	0.0	0.0	0.0	0.0
FAT_024-22-84-0.bam	0.05670103092783505	0.07731958762886598	0.06701030927835051	0.06958762886597938	0.03608247422680412	0.02577319587628866	0.028350515463917526	0.03350515463917526	0.02577319587628866	0.059278350515463915	0.04896907216494845	0.05154639175257732	0.04381443298969072	0.05154639175257732	0.05412371134020619	0.04896907216494845	0.0	0.0	0.0	0.0	0.0
