	FAT_010-22-0-0.bam	FAT_010-22-2-0.bam	FAT_010-22-42-0.bam	FAT_014-22-2-0.bam	FAT_014-22-42-0.bam	FAT_023-22-14-0.bam	FAT_023-22-2-0.bam	FAT_023-22-42-0.bam	FAT_024-22-14-0.bam
FAT_010-22-0-0.bam	0.0	0.06112899920592228	0.06209192516884824	0.2160783233860157	0.21926536939358138	0.15163631666748084	0.14598812700622654	0.14125560476731044	0.17405012778494558
FAT_010-22-2-0.bam	0.06112899920592228	0.0	0.07282217782217783	0.23462853385930307	0.22744095449224339	0.1626651596194007	0.15376910671028318	0.15228444771923033	0.17695931261720735
FAT_010-22-42-0.bam	0.06209192516884824	0.07282217782217783	0.0	0.23209529786452865	0.23590693295822185	0.14789326484750595	0.14339892134009785	0.13931299887821627	0.177614768272663
FAT_014-22-2-0.bam	0.2160783233860157	0.23462853385930307	0.23209529786452865	0.0	0.15914346013140063	0.19580192126124218	0.19955107737913166	0.18574449194850534	0.23416339059051608
FAT_014-22-42-0.bam	0.21926536939358138	0.22744095449224339	0.23590693295822185	0.15914346013140063	0.0	0.20449711867146694	0.206312715685986	0.2001418578910873	0.24273211070445222
FAT_023-22-14-0.bam	0.15163631666748084	0.1626651596194007	0.14789326484750595	0.19580192126124218	0.20449711867146694	0.0	0.0263110449835666	0.02941305506947417	0.1701179412873712
FAT_023-22-2-0.bam	0.14598812700622654	0.15376910671028318	0.14339892134009785	0.19955107737913166	0.206312715685986	0.0263110449835666	0.0	0.03348542510946603	0.17244539516211344
FAT_023-22-42-0.bam	0.14125560476731044	0.15228444771923033	0.13931299887821627	0.18574449194850534	0.2001418578910873	0.02941305506947417	0.03348542510946603	0.0	0.16633835656146873
FAT_024-22-14-0.bam	0.17405012778494558	0.17695931261720735	0.177614768272663	0.23416339059051608	0.24273211070445222	0.1701179412873712	0.17244539516211344	0.16633835656146873	0.0
