	FAT_010-22-2-0.bam	FAT_010-22-84-0.bam	FAT_014-22-14-0.bam	FAT_014-22-42-0.bam	FAT_024-22-42-0.bam	FAT_024-22-84-0.bam
FAT_010-22-2-0.bam	0.0	0.0	0.38596491228070173	0.40350877192982454	0.6491228070175439	0.6491228070175439
FAT_010-22-84-0.bam	0.0	0.0	0.38596491228070173	0.40350877192982454	0.6491228070175439	0.6491228070175439
FAT_014-22-14-0.bam	0.38596491228070173	0.38596491228070173	0.0	0.017543859649122806	0.47368421052631576	0.47368421052631576
FAT_014-22-42-0.bam	0.40350877192982454	0.40350877192982454	0.017543859649122806	0.0	0.49122807017543857	0.49122807017543857
FAT_024-22-42-0.bam	0.6491228070175439	0.6491228070175439	0.47368421052631576	0.49122807017543857	0.0	0.0
FAT_024-22-84-0.bam	0.6491228070175439	0.6491228070175439	0.47368421052631576	0.49122807017543857	0.0	0.0
