	FAT_010-22-0-0.bam	FAT_010-22-14-0.bam	FAT_010-22-2-0.bam	FAT_010-22-42-0.bam	FAT_010-22-84-0.bam	FAT_014-22-0-0.bam	FAT_014-22-14-0.bam	FAT_014-22-2-0.bam	FAT_014-22-42-0.bam	FAT_014-22-84-0.bam	FAT_017-22-0-0.bam	FAT_017-22-14-0.bam	FAT_017-22-2-0.bam	FAT_017-22-42-0.bam	FAT_023-22-14-0.bam	FAT_023-22-42-0.bam	FAT_023-22-84-0.bam	FAT_024-22-0-0.bam	FAT_024-22-14-0.bam	FAT_024-22-2-0.bam	FAT_024-22-42-0.bam	FAT_024-22-84-0.bam
FAT_010-22-0-0.bam	0.0	0.03458032795835855	0.03392317710077176	0.01871587090176013	0.0669276190763977	0.2655202151135935	0.27584354432354274	0.2790973541361362	0.2511711667736932	0.23091957046465894	0.27095650684674444	0.2701041081519018	0.26425206083882263	0.2703248395251506	0.27336416679315406	0.2396900643392574	0.2594882414296711	0.3529984399492726	0.3143196794926883	0.35689216339325686	0.3408790114441053	0.3681293724562005
FAT_010-22-14-0.bam	0.03458032795835855	0.0	0.01771038445403233	0.03389023963766586	0.09586381357590862	0.27196081037077074	0.2813806864193165	0.2843094944547748	0.24483344272330013	0.2191710375756986	0.26631050328761735	0.2643509076055119	0.25932913974199867	0.2648091442316045	0.2800504867123421	0.24308814098291134	0.2644670201693577	0.35870862143032883	0.31873159269487905	0.3628103093290376	0.34557738993744375	0.37350560528654
FAT_010-22-2-0.bam	0.03392317710077176	0.01771038445403233	0.0	0.034165867910288625	0.0957719381469432	0.27261462554415167	0.28150087943871666	0.28465375751098865	0.2464197495756295	0.2214507521078474	0.2685195040207096	0.26601516230083344	0.26085556571099827	0.26699649222624994	0.2827868893811355	0.2460750450542629	0.2670173600459765	0.3580387127048525	0.3180790068365701	0.36250158112390024	0.34517803406378117	0.3732387919619035
FAT_010-22-42-0.bam	0.01871587090176013	0.03389023963766586	0.034165867910288625	0.0	0.06508600193736717	0.2646704571531192	0.2732432785647028	0.276903093852585	0.25131449972058384	0.2299780094121643	0.2702549537176221	0.2686364101305211	0.26380383793124224	0.26860917522472233	0.2726297820641501	0.23986440910946216	0.2599884518866218	0.35177591748432024	0.31297063075480025	0.35568749167464286	0.33922907802237817	0.3668801743695373
FAT_010-22-84-0.bam	0.0669276190763977	0.09586381357590862	0.0957719381469432	0.06508600193736717	0.0	0.2578291601000002	0.26049432239706644	0.2661333116050345	0.26906284113702994	0.2561246796134975	0.2825320935734396	0.2834685187076766	0.27777271728645664	0.2846219640313586	0.26164930586882545	0.2423740540975279	0.25779009489837507	0.3480552712098872	0.3081060710362646	0.34962231031684404	0.3342789826775325	0.3623589322632253
FAT_014-22-0-0.bam	0.2655202151135935	0.27196081037077074	0.27261462554415167	0.2646704571531192	0.2578291601000002	0.0	0.08367161725624124	0.07198538883963845	0.1611231165419883	0.14724130561079823	0.2864571017154616	0.2895443230544242	0.2797948876319553	0.28185470633812176	0.22065947885842008	0.22267480727568637	0.23459268474706968	0.3222249793170833	0.2896656412089194	0.3258258420084415	0.31411621473102613	0.34052279397916524
FAT_014-22-14-0.bam	0.27584354432354274	0.2813806864193165	0.28150087943871666	0.2732432785647028	0.26049432239706644	0.08367161725624124	0.0	0.07371894918789838	0.20591788226795224	0.1913257141972969	0.2906785787457536	0.293552089219213	0.285062566471862	0.2841156015413465	0.2312961983846472	0.23983360400162976	0.2427195810043382	0.3015762347052308	0.2800795309075354	0.29970036408174816	0.29245023434831185	0.31444797209160313
FAT_014-22-2-0.bam	0.2790973541361362	0.2843094944547748	0.28465375751098865	0.276903093852585	0.2661333116050345	0.07198538883963845	0.07371894918789838	0.0	0.21477505574496994	0.20204164511356296	0.3034503009644161	0.30642792749014897	0.2958507556205669	0.29623579415503665	0.21504460255441551	0.22864138155466654	0.24025147872322955	0.3052807692565104	0.2869528576194756	0.3060662311166333	0.29688179190976527	0.3202698699575155
FAT_014-22-42-0.bam	0.2511711667736932	0.24483344272330013	0.2464197495756295	0.25131449972058384	0.26906284113702994	0.1611231165419883	0.20591788226795224	0.21477505574496994	0.0	0.041111181708934755	0.2433943312623361	0.24362889802624568	0.2457433183467188	0.2546806603430171	0.2706567806120502	0.25716183856216895	0.2777138749462861	0.3594099574041276	0.32425907156985717	0.36269577183098495	0.3517130898932649	0.3777930906586731
FAT_014-22-84-0.bam	0.23091957046465894	0.2191710375756986	0.2214507521078474	0.2299780094121643	0.2561246796134975	0.14724130561079823	0.1913257141972969	0.20204164511356296	0.041111181708934755	0.0	0.2412761780768876	0.24019893951373467	0.24475017784098413	0.2460436533575296	0.2723467587241392	0.2472285036534667	0.27361308763692077	0.3533395551036944	0.3164373489454642	0.3571355629856245	0.343344985389681	0.3698957689514131
FAT_017-22-0-0.bam	0.27095650684674444	0.26631050328761735	0.2685195040207096	0.2702549537176221	0.2825320935734396	0.2864571017154616	0.2906785787457536	0.3034503009644161	0.2433943312623361	0.2412761780768876	0.0	0.010252019175227623	0.013185846093057932	0.016727863464091462	0.2822207354332014	0.27290502515569276	0.2814385701696432	0.35474992044809955	0.32718933978407366	0.3505660970784894	0.35035096262206195	0.37011188776362025
FAT_017-22-14-0.bam	0.2701041081519018	0.2643509076055119	0.26601516230083344	0.2686364101305211	0.2834685187076766	0.2895443230544242	0.293552089219213	0.30642792749014897	0.24362889802624568	0.24019893951373467	0.010252019175227623	0.0	0.006760420330779811	0.015287573169598846	0.28297393972216667	0.27289968003211446	0.28295260016797663	0.3552751512578026	0.3272540287292287	0.3513570307060775	0.35116444709653216	0.3707809078776107
FAT_017-22-2-0.bam	0.26425206083882263	0.25932913974199867	0.26085556571099827	0.26380383793124224	0.27777271728645664	0.2797948876319553	0.285062566471862	0.2958507556205669	0.2457433183467188	0.24475017784098413	0.013185846093057932	0.006760420330779811	0.0	0.01733320907230373	0.26023447126405763	0.25391502377569164	0.2653907411515344	0.3436207504031538	0.31333776495878235	0.3376966982729387	0.3386240796791534	0.35924943848934027
FAT_017-22-42-0.bam	0.2703248395251506	0.2648091442316045	0.26699649222624994	0.26860917522472233	0.2846219640313586	0.28185470633812176	0.2841156015413465	0.29623579415503665	0.2546806603430171	0.2460436533575296	0.016727863464091462	0.015287573169598846	0.01733320907230373	0.0	0.27436548531227256	0.2689543767138514	0.2771950056029954	0.3467112567959074	0.3227199254928182	0.3395790949666628	0.34196255407425646	0.36086997481714084
FAT_023-22-14-0.bam	0.27336416679315406	0.2800504867123421	0.2827868893811355	0.2726297820641501	0.26164930586882545	0.22065947885842008	0.2312961983846472	0.21504460255441551	0.2706567806120502	0.2723467587241392	0.2822207354332014	0.28297393972216667	0.26023447126405763	0.27436548531227256	0.0	0.10666676466621534	0.0973295022922395	0.26260138521992554	0.2462894774867487	0.27109702367410204	0.25885096877835534	0.2792426405818398
FAT_023-22-42-0.bam	0.2396900643392574	0.24308814098291134	0.2460750450542629	0.23986440910946216	0.2423740540975279	0.22267480727568637	0.23983360400162976	0.22864138155466654	0.25716183856216895	0.2472285036534667	0.27290502515569276	0.27289968003211446	0.25391502377569164	0.2689543767138514	0.10666676466621534	0.0	0.09334705586900946	0.2855719011505656	0.2556986815286669	0.29168663384499754	0.27728452707077783	0.30022876764698236
FAT_023-22-84-0.bam	0.2594882414296711	0.2644670201693577	0.2670173600459765	0.2599884518866218	0.25779009489837507	0.23459268474706968	0.2427195810043382	0.24025147872322955	0.2777138749462861	0.27361308763692077	0.2814385701696432	0.28295260016797663	0.2653907411515344	0.2771950056029954	0.0973295022922395	0.09334705586900946	0.0	0.27263782291230204	0.24467117749984835	0.2877262597309737	0.27091497176599755	0.2919018743693881
FAT_024-22-0-0.bam	0.3529984399492726	0.35870862143032883	0.3580387127048525	0.35177591748432024	0.3480552712098872	0.3222249793170833	0.3015762347052308	0.3052807692565104	0.3594099574041276	0.3533395551036944	0.35474992044809955	0.3552751512578026	0.3436207504031538	0.3467112567959074	0.26260138521992554	0.2855719011505656	0.27263782291230204	0.0	0.08650258740929669	0.04349371446748951	0.03698804319442013	0.03777790690002672
FAT_024-22-14-0.bam	0.3143196794926883	0.31873159269487905	0.3180790068365701	0.31297063075480025	0.3081060710362646	0.2896656412089194	0.2800795309075354	0.2869528576194756	0.32425907156985717	0.3164373489454642	0.32718933978407366	0.3272540287292287	0.31333776495878235	0.3227199254928182	0.2462894774867487	0.2556986815286669	0.24467117749984835	0.08650258740929669	0.0	0.09605760292008929	0.06698169542598285	0.11311943364370677
FAT_024-22-2-0.bam	0.35689216339325686	0.3628103093290376	0.36250158112390024	0.35568749167464286	0.34962231031684404	0.3258258420084415	0.29970036408174816	0.3060662311166333	0.36269577183098495	0.3571355629856245	0.3505660970784894	0.3513570307060775	0.3376966982729387	0.3395790949666628	0.27109702367410204	0.29168663384499754	0.2877262597309737	0.04349371446748951	0.09605760292008929	0.0	0.04385019239462112	0.04393503429170198
FAT_024-22-42-0.bam	0.3408790114441053	0.34557738993744375	0.34517803406378117	0.33922907802237817	0.3342789826775325	0.31411621473102613	0.29245023434831185	0.29688179190976527	0.3517130898932649	0.343344985389681	0.35035096262206195	0.35116444709653216	0.3386240796791534	0.34196255407425646	0.25885096877835534	0.27728452707077783	0.27091497176599755	0.03698804319442013	0.06698169542598285	0.04385019239462112	0.0	0.04906727733480388
FAT_024-22-84-0.bam	0.3681293724562005	0.37350560528654	0.3732387919619035	0.3668801743695373	0.3623589322632253	0.34052279397916524	0.31444797209160313	0.3202698699575155	0.3777930906586731	0.3698957689514131	0.37011188776362025	0.3707809078776107	0.35924943848934027	0.36086997481714084	0.2792426405818398	0.30022876764698236	0.2919018743693881	0.03777790690002672	0.11311943364370677	0.04393503429170198	0.04906727733480388	0.0
