	FAT_010-22-42-0.bam	FAT_014-22-2-0.bam	FAT_014-22-84-0.bam	FAT_017-22-42-0.bam	FAT_024-22-0-0.bam	FAT_024-22-42-0.bam	FAT_024-22-84-0.bam
FAT_010-22-42-0.bam	0.0	0.456405159466384	0.37523437946607213	0.37789115646258503	0.3380709426627794	0.33802504542189543	0.3380709426627794
FAT_014-22-2-0.bam	0.456405159466384	0.0	0.22674901129282884	0.2835188620902907	0.36051108755190386	0.35918968010693836	0.36051108755190386
FAT_014-22-84-0.bam	0.37523437946607213	0.22674901129282884	0.0	0.22120133767792832	0.3160750014291431	0.313120940922953	0.3160750014291431
FAT_017-22-42-0.bam	0.37789115646258503	0.2835188620902907	0.22120133767792832	0.0	0.3284499514091351	0.3271285439641695	0.3284499514091351
FAT_024-22-0-0.bam	0.3380709426627794	0.36051108755190386	0.3160750014291431	0.3284499514091351	0.0	0.003841371952507711	0.0
FAT_024-22-42-0.bam	0.33802504542189543	0.35918968010693836	0.313120940922953	0.3271285439641695	0.003841371952507711	0.0	0.003841371952507711
FAT_024-22-84-0.bam	0.3380709426627794	0.36051108755190386	0.3160750014291431	0.3284499514091351	0.0	0.003841371952507711	0.0
