	FAT_010-22-0-0.bam	FAT_010-22-14-0.bam	FAT_010-22-2-0.bam	FAT_010-22-42-0.bam	FAT_010-22-84-0.bam	FAT_014-22-0-0.bam	FAT_014-22-14-0.bam	FAT_014-22-2-0.bam	FAT_014-22-42-0.bam	FAT_014-22-84-0.bam	FAT_017-22-0-0.bam	FAT_017-22-14-0.bam	FAT_017-22-42-0.bam	FAT_023-22-14-0.bam	FAT_023-22-2-0.bam	FAT_023-22-42-0.bam	FAT_023-22-84-0.bam	FAT_024-22-0-0.bam	FAT_024-22-14-0.bam	FAT_024-22-42-0.bam	FAT_024-22-84-0.bam
FAT_010-22-0-0.bam	0.0	0.07275490294795395	0.06180798404718178	0.06400131388730679	0.06465750992612725	0.2832439510596821	0.28167159367536376	0.28892965819149274	0.30505068519662787	0.2870703948390043	0.20981627568925926	0.18953165516499562	0.1935479308348932	0.16835684117090963	0.1707208803449405	0.17468135726674427	0.16853961619756827	0.17412800674526516	0.19362764429640295	0.16949946534066446	0.16254520856033736
FAT_010-22-14-0.bam	0.07275490294795395	0.0	0.06630832948109923	0.04117752496675504	0.053889319039594895	0.28379063903594165	0.27490764031389797	0.28167455760713106	0.30105572014023185	0.2799943126931259	0.18062136984452007	0.17690994543356905	0.18372883217865665	0.1662668720994509	0.16026551684912266	0.1652081394597709	0.18450190629158347	0.18062868027278314	0.20014101233315643	0.18113289600880492	0.15206838268866607
FAT_010-22-2-0.bam	0.06180798404718178	0.06630832948109923	0.0	0.06073661281696471	0.05608892917897326	0.2854495319091467	0.2844311855992736	0.29119810289250664	0.3117243570048195	0.2894467867450285	0.1807353460586588	0.17827407747149313	0.19485958873322348	0.17282785217774208	0.1646675009602761	0.16889220194843532	0.18404410359935777	0.17772283275787504	0.19723516481824835	0.1774025322207584	0.15310942779622003
FAT_010-22-42-0.bam	0.06400131388730679	0.04117752496675504	0.06073661281696471	0.0	0.056912921051482934	0.2868386287464199	0.2793356776144395	0.28610259490767265	0.3078550981399411	0.28438930493918574	0.17774366724146873	0.17728918043722172	0.18333096384270203	0.16746321078680176	0.1558151145261215	0.16580866578723885	0.17698852737753853	0.1875864303988235	0.20709876245919678	0.18674491059468987	0.15992599474630065
FAT_010-22-84-0.bam	0.06465750992612725	0.053889319039594895	0.05608892917897326	0.056912921051482934	0.0	0.2838527431687809	0.2825555047193703	0.29011852992945425	0.315608726761744	0.2888965276872886	0.19194390096731961	0.18864745103381467	0.1913079722794463	0.14051604965506567	0.14668898639486874	0.15232375535684362	0.1736679106067651	0.16609002192883768	0.18890549209405322	0.1647482108287193	0.14093013468013466
FAT_014-22-0-0.bam	0.2832439510596821	0.28379063903594165	0.2854495319091467	0.2868386287464199	0.2838527431687809	0.0	0.0	0.0	0.03237628384687208	0.00037807183364839316	0.364653775711468	0.3549734128305557	0.33731122050634693	0.2907016774388135	0.2744216480918608	0.28940547318552434	0.26508455233945427	0.2787809085681426	0.29623090893342613	0.2793931731984829	0.23255813953488372
FAT_014-22-14-0.bam	0.28167159367536376	0.27490764031389797	0.2844311855992736	0.2793356776144395	0.2825555047193703	0.0	0.0	0.0007575757575757574	0.03338315579694889	0.00032690421706440013	0.3351967919914426	0.32964887416106925	0.31822476654544374	0.2780684092050062	0.2651395975056689	0.2832369797385277	0.2699176640353111	0.2720077395918735	0.2916667809158586	0.27212482174314234	0.22549019607843138
FAT_014-22-2-0.bam	0.28892965819149274	0.28167455760713106	0.29119810289250664	0.28610259490767265	0.29011852992945425	0.0	0.0007575757575757574	0.0	0.03423785665164975	0.0010787839163125203	0.33601646412259006	0.33508977472392104	0.32420023152367883	0.2851550233782346	0.2707578311560612	0.29000389703176077	0.28014493676258384	0.2787746568851066	0.2984336982090917	0.2789950507507759	0.23431372549019605
FAT_014-22-42-0.bam	0.30505068519662787	0.30105572014023185	0.3117243570048195	0.3078550981399411	0.315608726761744	0.03237628384687208	0.03338315579694889	0.03423785665164975	0.0	0.03346870753485243	0.365172251633571	0.35922124739174555	0.35151623061700554	0.29647464184669264	0.2789547114022763	0.29983981919227903	0.2664987647746268	0.2888377846945949	0.30862297533942556	0.2953348792871339	0.24095363032769326
FAT_014-22-84-0.bam	0.2870703948390043	0.2799943126931259	0.2894467867450285	0.28438930493918574	0.2888965276872886	0.00037807183364839316	0.00032690421706440013	0.0010787839163125203	0.03346870753485243	0.0	0.34095517791728097	0.3354055627635571	0.32363710605532525	0.28404817367113566	0.27202755027880077	0.28891042213502804	0.2781208363495211	0.2777649822879757	0.2972773143483489	0.277968408403191	0.23300970873786409
FAT_017-22-0-0.bam	0.20981627568925926	0.18062136984452007	0.1807353460586588	0.17774366724146873	0.19194390096731961	0.364653775711468	0.3351967919914426	0.33601646412259006	0.365172251633571	0.34095517791728097	0.0	0.07341202148982469	0.08263103140911118	0.22940646744407822	0.21728680262692182	0.21564484122967847	0.20882973214701228	0.2629576948084036	0.2855334237372831	0.27017823653317347	0.2312591981499304
FAT_017-22-14-0.bam	0.18953165516499562	0.17690994543356905	0.17827407747149313	0.17728918043722172	0.18864745103381467	0.3549734128305557	0.32964887416106925	0.33508977472392104	0.35922124739174555	0.3354055627635571	0.07341202148982469	0.0	0.06377323515167457	0.2344216272550834	0.22624745804357457	0.22528504939083685	0.21393625077182835	0.250824742064176	0.26190020133458985	0.25470155982451065	0.2189093761674407
FAT_017-22-42-0.bam	0.1935479308348932	0.18372883217865665	0.19485958873322348	0.18333096384270203	0.1913079722794463	0.33731122050634693	0.31822476654544374	0.32420023152367883	0.35151623061700554	0.32363710605532525	0.08263103140911118	0.06377323515167457	0.0	0.21588560507896934	0.19688374211849605	0.20018925071062457	0.19521529090112577	0.25026413377975026	0.2697764658401235	0.25167425699549034	0.22199206931536397
FAT_023-22-14-0.bam	0.16835684117090963	0.1662668720994509	0.17282785217774208	0.16746321078680176	0.14051604965506567	0.2907016774388135	0.2780684092050062	0.2851550233782346	0.29647464184669264	0.28404817367113566	0.22940646744407822	0.2344216272550834	0.21588560507896934	0.0	0.04306118376166685	0.036705140421173024	0.03776625477392741	0.1913415416777732	0.20981538930347648	0.19018285410624952	0.16080683348724586
FAT_023-22-2-0.bam	0.1707208803449405	0.16026551684912266	0.1646675009602761	0.1558151145261215	0.14668898639486874	0.2744216480918608	0.2651395975056689	0.2707578311560612	0.2789547114022763	0.27202755027880077	0.21728680262692182	0.22624745804357457	0.19688374211849605	0.04306118376166685	0.0	0.03256955751750129	0.04280383324500971	0.17491611884257735	0.19805463650709076	0.1733048983048983	0.13101529229578007
FAT_023-22-42-0.bam	0.17468135726674427	0.1652081394597709	0.16889220194843532	0.16580866578723885	0.15232375535684362	0.28940547318552434	0.2832369797385277	0.29000389703176077	0.29983981919227903	0.28891042213502804	0.21564484122967847	0.22528504939083685	0.20018925071062457	0.036705140421173024	0.03256955751750129	0.0	0.03828790802353261	0.19377010992363353	0.21245325458765524	0.19270088645757094	0.16217080653973856
FAT_023-22-84-0.bam	0.16853961619756827	0.18450190629158347	0.18404410359935777	0.17698852737753853	0.1736679106067651	0.26508455233945427	0.2699176640353111	0.28014493676258384	0.2664987647746268	0.2781208363495211	0.20882973214701228	0.21393625077182835	0.19521529090112577	0.03776625477392741	0.04280383324500971	0.03828790802353261	0.0	0.2233387890098785	0.2427953106366506	0.22300121935010372	0.20224638875157908
FAT_024-22-0-0.bam	0.17412800674526516	0.18062868027278314	0.17772283275787504	0.1875864303988235	0.16609002192883768	0.2787809085681426	0.2720077395918735	0.2787746568851066	0.2888377846945949	0.2777649822879757	0.2629576948084036	0.250824742064176	0.25026413377975026	0.1913415416777732	0.17491611884257735	0.19377010992363353	0.2233387890098785	0.0	0.024764233404183513	0.005409757967530541	0.0019253005967364682
FAT_024-22-14-0.bam	0.19362764429640295	0.20014101233315643	0.19723516481824835	0.20709876245919678	0.18890549209405322	0.29623090893342613	0.2916667809158586	0.2984336982090917	0.30862297533942556	0.2972773143483489	0.2855334237372831	0.26190020133458985	0.2697764658401235	0.20981538930347648	0.19805463650709076	0.21245325458765524	0.2427953106366506	0.024764233404183513	0.0	0.028387699752300773	0.02911480309662188
FAT_024-22-42-0.bam	0.16949946534066446	0.18113289600880492	0.1774025322207584	0.18674491059468987	0.1647482108287193	0.2793931731984829	0.27212482174314234	0.2789950507507759	0.2953348792871339	0.277968408403191	0.27017823653317347	0.25470155982451065	0.25167425699549034	0.19018285410624952	0.1733048983048983	0.19270088645757094	0.22300121935010372	0.005409757967530541	0.028387699752300773	0.0	0.006419323251006418
FAT_024-22-84-0.bam	0.16254520856033736	0.15206838268866607	0.15310942779622003	0.15992599474630065	0.14093013468013466	0.23255813953488372	0.22549019607843138	0.23431372549019605	0.24095363032769326	0.23300970873786409	0.2312591981499304	0.2189093761674407	0.22199206931536397	0.16080683348724586	0.13101529229578007	0.16217080653973856	0.20224638875157908	0.0019253005967364682	0.02911480309662188	0.006419323251006418	0.0
