	FAT_010-22-14-0.bam	FAT_010-22-2-0.bam	FAT_010-22-84-0.bam	FAT_017-22-0-0.bam	FAT_017-22-42-0.bam	FAT_023-22-0-0.bam	FAT_023-22-14-0.bam	FAT_023-22-42-0.bam	FAT_023-22-84-0.bam
FAT_010-22-14-0.bam	0.0	0.0	0.0	0.2714285714285714	0.32142857142857145	0.3357142857142857	0.3357142857142857	0.3357142857142857	0.3357142857142857
FAT_010-22-2-0.bam	0.0	0.0	0.0	0.2714285714285714	0.32142857142857145	0.3357142857142857	0.3357142857142857	0.3357142857142857	0.3357142857142857
FAT_010-22-84-0.bam	0.0	0.0	0.0	0.2642857142857143	0.3142857142857143	0.32857142857142857	0.32857142857142857	0.32857142857142857	0.32857142857142857
FAT_017-22-0-0.bam	0.2714285714285714	0.2714285714285714	0.2642857142857143	0.0	0.07857142857142857	0.2714285714285714	0.2714285714285714	0.2714285714285714	0.2714285714285714
FAT_017-22-42-0.bam	0.32142857142857145	0.32142857142857145	0.3142857142857143	0.07857142857142857	0.0	0.2857142857142857	0.2857142857142857	0.2857142857142857	0.2857142857142857
FAT_023-22-0-0.bam	0.3357142857142857	0.3357142857142857	0.32857142857142857	0.2714285714285714	0.2857142857142857	0.0	0.0	0.0	0.0
FAT_023-22-14-0.bam	0.3357142857142857	0.3357142857142857	0.32857142857142857	0.2714285714285714	0.2857142857142857	0.0	0.0	0.0	0.0
FAT_023-22-42-0.bam	0.3357142857142857	0.3357142857142857	0.32857142857142857	0.2714285714285714	0.2857142857142857	0.0	0.0	0.0	0.0
FAT_023-22-84-0.bam	0.3357142857142857	0.3357142857142857	0.32857142857142857	0.2714285714285714	0.2857142857142857	0.0	0.0	0.0	0.0
