	FAT_010-22-0-0.bam	FAT_010-22-2-0.bam	FAT_010-22-84-0.bam	FAT_023-22-14-0.bam	FAT_023-22-42-0.bam	FAT_023-22-84-0.bam
FAT_010-22-0-0.bam	0.0	0.0003822629969418957	0.0003822629969418957	0.6166667267288048	0.614988689871571	0.6200141924141449
FAT_010-22-2-0.bam	0.0003822629969418957	0.0	0.0	0.6170489897257468	0.615370952868513	0.6203964554110869
FAT_010-22-84-0.bam	0.0003822629969418957	0.0	0.0	0.6170489897257468	0.615370952868513	0.6203964554110869
FAT_023-22-14-0.bam	0.6166667267288048	0.6170489897257468	0.6170489897257468	0.0	0.0034592498720990243	0.008626014482540561
FAT_023-22-42-0.bam	0.614988689871571	0.615370952868513	0.615370952868513	0.0034592498720990243	0.0	0.007108910813762832
FAT_023-22-84-0.bam	0.6200141924141449	0.6203964554110869	0.6203964554110869	0.008626014482540561	0.007108910813762832	0.0
