	FAT_010-22-0-0.bam	FAT_010-22-14-0.bam	FAT_010-22-2-0.bam	FAT_010-22-42-0.bam	FAT_010-22-84-0.bam	FAT_014-22-0-0.bam	FAT_014-22-14-0.bam	FAT_014-22-2-0.bam	FAT_014-22-42-0.bam	FAT_014-22-84-0.bam	FAT_017-22-0-0.bam	FAT_017-22-14-0.bam	FAT_017-22-2-0.bam	FAT_017-22-42-0.bam	FAT_023-22-14-0.bam	FAT_023-22-42-0.bam	FAT_023-22-84-0.bam	FAT_024-22-0-0.bam	FAT_024-22-14-0.bam	FAT_024-22-2-0.bam	FAT_024-22-42-0.bam	FAT_024-22-84-0.bam
FAT_010-22-0-0.bam	0.0	0.0	0.0	0.0	0.0	0.15714285714285714	0.16857142857142857	0.17714285714285713	0.18285714285714286	0.19142857142857142	0.22285714285714286	0.2257142857142857	0.19714285714285715	0.21142857142857144	0.17714285714285713	0.15714285714285714	0.16857142857142857	0.3142857142857143	0.17714285714285713	0.3171428571428571	0.28	0.3514285714285714
FAT_010-22-14-0.bam	0.0	0.0	0.0	0.0	0.0	0.16285714285714287	0.1742857142857143	0.2	0.19142857142857142	0.2	0.2342857142857143	0.23714285714285716	0.2057142857142857	0.22	0.19428571428571428	0.18	0.18571428571428572	0.3457142857142857	0.2	0.3514285714285714	0.32	0.3742857142857143
FAT_010-22-2-0.bam	0.0	0.0	0.0	0.0	0.0	0.17714285714285713	0.19142857142857142	0.22	0.2	0.21142857142857144	0.24571428571428572	0.25142857142857145	0.22	0.2342857142857143	0.20857142857142857	0.2	0.19428571428571428	0.34285714285714286	0.20285714285714285	0.34285714285714286	0.32857142857142857	0.37142857142857144
FAT_010-22-42-0.bam	0.0	0.0	0.0	0.0	0.0	0.15714285714285714	0.16	0.18285714285714286	0.18571428571428572	0.19142857142857142	0.22285714285714286	0.2257142857142857	0.19714285714285715	0.21142857142857144	0.17142857142857143	0.16857142857142857	0.17142857142857143	0.3	0.18857142857142858	0.3057142857142857	0.28	0.34
FAT_010-22-84-0.bam	0.0	0.0	0.0	0.0	0.0	0.10857142857142857	0.12	0.12857142857142856	0.13714285714285715	0.1457142857142857	0.1657142857142857	0.16857142857142857	0.1457142857142857	0.15714285714285714	0.12857142857142856	0.10285714285714286	0.12571428571428572	0.24	0.1457142857142857	0.24	0.2257142857142857	0.26571428571428574
FAT_014-22-0-0.bam	0.15714285714285714	0.16285714285714287	0.17714285714285713	0.15714285714285714	0.10857142857142857	0.0	0.002857142857142857	0.002857142857142857	0.06571428571428571	0.054285714285714284	0.19428571428571428	0.2	0.16857142857142857	0.17142857142857143	0.07428571428571429	0.08857142857142856	0.1	0.23142857142857143	0.14	0.23142857142857143	0.22285714285714286	0.2542857142857143
FAT_014-22-14-0.bam	0.16857142857142857	0.1742857142857143	0.19142857142857142	0.16	0.12	0.002857142857142857	0.0	0.005714285714285714	0.1457142857142857	0.13142857142857142	0.19428571428571428	0.20285714285714285	0.18	0.18571428571428572	0.1	0.10857142857142857	0.12285714285714286	0.20285714285714285	0.12571428571428572	0.18857142857142858	0.18571428571428572	0.21428571428571427
FAT_014-22-2-0.bam	0.17714285714285713	0.2	0.22	0.18285714285714286	0.12857142857142856	0.002857142857142857	0.005714285714285714	0.0	0.16	0.1457142857142857	0.24	0.24857142857142858	0.21428571428571427	0.22285714285714286	0.09142857142857143	0.11714285714285715	0.12285714285714286	0.2342857142857143	0.14857142857142858	0.23142857142857143	0.22285714285714286	0.25142857142857145
FAT_014-22-42-0.bam	0.18285714285714286	0.19142857142857142	0.2	0.18571428571428572	0.13714285714285715	0.06571428571428571	0.1457142857142857	0.16	0.0	0.0	0.19428571428571428	0.20285714285714285	0.18857142857142858	0.2	0.18285714285714286	0.17142857142857143	0.18857142857142858	0.32285714285714284	0.21142857142857144	0.3171428571428571	0.31142857142857144	0.34285714285714286
FAT_014-22-84-0.bam	0.19142857142857142	0.2	0.21142857142857144	0.19142857142857142	0.1457142857142857	0.054285714285714284	0.13142857142857142	0.1457142857142857	0.0	0.0	0.22285714285714286	0.23142857142857143	0.21428571428571427	0.22	0.21428571428571427	0.19428571428571428	0.21142857142857144	0.3514285714285714	0.2057142857142857	0.3514285714285714	0.3314285714285714	0.38285714285714284
FAT_017-22-0-0.bam	0.22285714285714286	0.2342857142857143	0.24571428571428572	0.22285714285714286	0.1657142857142857	0.19428571428571428	0.19428571428571428	0.24	0.19428571428571428	0.22285714285714286	0.0	0.0	0.0	0.0	0.20285714285714285	0.20857142857142857	0.19428571428571428	0.3485714285714286	0.2257142857142857	0.3314285714285714	0.3342857142857143	0.36
FAT_017-22-14-0.bam	0.2257142857142857	0.23714285714285716	0.25142857142857145	0.2257142857142857	0.16857142857142857	0.2	0.20285714285714285	0.24857142857142858	0.20285714285714285	0.23142857142857143	0.0	0.0	0.0	0.0	0.2057142857142857	0.21142857142857144	0.19714285714285715	0.3485714285714286	0.23714285714285716	0.3314285714285714	0.33714285714285713	0.3657142857142857
FAT_017-22-2-0.bam	0.19714285714285715	0.2057142857142857	0.22	0.19714285714285715	0.1457142857142857	0.16857142857142857	0.18	0.21428571428571427	0.18857142857142858	0.21428571428571427	0.0	0.0	0.0	0.0	0.1742857142857143	0.16857142857142857	0.17142857142857143	0.3142857142857143	0.2	0.29714285714285715	0.3	0.32857142857142857
FAT_017-22-42-0.bam	0.21142857142857144	0.22	0.2342857142857143	0.21142857142857144	0.15714285714285714	0.17142857142857143	0.18571428571428572	0.22285714285714286	0.2	0.22	0.0	0.0	0.0	0.0	0.18285714285714286	0.19428571428571428	0.18	0.3142857142857143	0.21428571428571427	0.3	0.3	0.3314285714285714
FAT_023-22-14-0.bam	0.17714285714285713	0.19428571428571428	0.20857142857142857	0.17142857142857143	0.12857142857142856	0.07428571428571429	0.1	0.09142857142857143	0.18285714285714286	0.21428571428571427	0.20285714285714285	0.2057142857142857	0.1742857142857143	0.18285714285714286	0.0	0.011428571428571429	0.025714285714285714	0.18285714285714286	0.10285714285714286	0.18	0.17142857142857143	0.19714285714285715
FAT_023-22-42-0.bam	0.15714285714285714	0.18	0.2	0.16857142857142857	0.10285714285714286	0.08857142857142856	0.10857142857142857	0.11714285714285715	0.17142857142857143	0.19428571428571428	0.20857142857142857	0.21142857142857144	0.16857142857142857	0.19428571428571428	0.011428571428571429	0.0	0.017142857142857144	0.21142857142857144	0.11714285714285715	0.22857142857142856	0.2057142857142857	0.25142857142857145
FAT_023-22-84-0.bam	0.16857142857142857	0.18571428571428572	0.19428571428571428	0.17142857142857143	0.12571428571428572	0.1	0.12285714285714286	0.12285714285714286	0.18857142857142858	0.21142857142857144	0.19428571428571428	0.19714285714285715	0.17142857142857143	0.18	0.025714285714285714	0.017142857142857144	0.0	0.19714285714285715	0.11142857142857143	0.2057142857142857	0.17714285714285713	0.21714285714285714
FAT_024-22-0-0.bam	0.3142857142857143	0.3457142857142857	0.34285714285714286	0.3	0.24	0.23142857142857143	0.20285714285714285	0.2342857142857143	0.32285714285714284	0.3514285714285714	0.3485714285714286	0.3485714285714286	0.3142857142857143	0.3142857142857143	0.18285714285714286	0.21142857142857144	0.19714285714285715	0.0	0.0	0.0	0.0	0.0
FAT_024-22-14-0.bam	0.17714285714285713	0.2	0.20285714285714285	0.18857142857142858	0.1457142857142857	0.14	0.12571428571428572	0.14857142857142858	0.21142857142857144	0.2057142857142857	0.2257142857142857	0.23714285714285716	0.2	0.21428571428571427	0.10285714285714286	0.11714285714285715	0.11142857142857143	0.0	0.0	0.0	0.0	0.0
FAT_024-22-2-0.bam	0.3171428571428571	0.3514285714285714	0.34285714285714286	0.3057142857142857	0.24	0.23142857142857143	0.18857142857142858	0.23142857142857143	0.3171428571428571	0.3514285714285714	0.3314285714285714	0.3314285714285714	0.29714285714285715	0.3	0.18	0.22857142857142856	0.2057142857142857	0.0	0.0	0.0	0.0	0.0
FAT_024-22-42-0.bam	0.28	0.32	0.32857142857142857	0.28	0.2257142857142857	0.22285714285714286	0.18571428571428572	0.22285714285714286	0.31142857142857144	0.3314285714285714	0.3342857142857143	0.33714285714285713	0.3	0.3	0.17142857142857143	0.2057142857142857	0.17714285714285713	0.0	0.0	0.0	0.0	0.0
FAT_024-22-84-0.bam	0.3514285714285714	0.3742857142857143	0.37142857142857144	0.34	0.26571428571428574	0.2542857142857143	0.21428571428571427	0.25142857142857145	0.34285714285714286	0.38285714285714284	0.36	0.3657142857142857	0.32857142857142857	0.3314285714285714	0.19714285714285715	0.25142857142857145	0.21714285714285714	0.0	0.0	0.0	0.0	0.0
