	FAT_010-22-42-0.bam	FAT_014-22-2-0.bam	FAT_014-22-84-0.bam	FAT_017-22-42-0.bam	FAT_024-22-0-0.bam	FAT_024-22-42-0.bam	FAT_024-22-84-0.bam
FAT_010-22-42-0.bam	0.0	0.46938775510204084	0.32653061224489793	0.3673469387755102	0.3469387755102041	0.3469387755102041	0.3469387755102041
FAT_014-22-2-0.bam	0.46938775510204084	0.0	0.20408163265306123	0.2857142857142857	0.3673469387755102	0.3673469387755102	0.3673469387755102
FAT_014-22-84-0.bam	0.32653061224489793	0.20408163265306123	0.0	0.16326530612244897	0.2653061224489796	0.2653061224489796	0.2653061224489796
FAT_017-22-42-0.bam	0.3673469387755102	0.2857142857142857	0.16326530612244897	0.0	0.32653061224489793	0.32653061224489793	0.32653061224489793
FAT_024-22-0-0.bam	0.3469387755102041	0.3673469387755102	0.2653061224489796	0.32653061224489793	0.0	0.0	0.0
FAT_024-22-42-0.bam	0.3469387755102041	0.3673469387755102	0.2653061224489796	0.32653061224489793	0.0	0.0	0.0
FAT_024-22-84-0.bam	0.3469387755102041	0.3673469387755102	0.2653061224489796	0.32653061224489793	0.0	0.0	0.0
