	FAT_010-22-14-0.bam	FAT_010-22-2-0.bam	FAT_010-22-42-0.bam	FAT_010-22-84-0.bam	FAT_014-22-0-0.bam	FAT_014-22-14-0.bam	FAT_014-22-2-0.bam	FAT_014-22-42-0.bam	FAT_014-22-84-0.bam	FAT_017-22-0-0.bam	FAT_017-22-2-0.bam	FAT_017-22-42-0.bam	FAT_017-22-84-0.bam	FAT_023-22-14-0.bam	FAT_023-22-2-0.bam	FAT_023-22-42-0.bam	FAT_024-22-0-0.bam	FAT_024-22-14-0.bam	FAT_024-22-2-0.bam	FAT_024-22-42-0.bam	FAT_024-22-84-0.bam
FAT_010-22-14-0.bam	0.0	0.051728622442554696	0.051245793728300654	0.0599619628688544	0.1242148667610522	0.13223667116994936	0.1250416670830246	0.1384951072768022	0.11029247913043605	0.12907151285445365	0.12699230292645167	0.13173933843001798	0.12106895714037234	0.11672983364848284	0.12211648749005603	0.12080843674342596	0.14922358117065823	0.14758021405924304	0.1435473292854937	0.15142544264120567	0.12497380790437089
FAT_010-22-2-0.bam	0.051728622442554696	0.0	0.0524484757293551	0.06456283361229549	0.1253974712154202	0.12433075579027233	0.12203347269547384	0.13590419063466314	0.10796079165761512	0.12536953513323523	0.13052794695326048	0.13241119736191945	0.12227755855780821	0.11277365998794828	0.11521019414787602	0.11528187262090657	0.1580244522312985	0.15187566945803047	0.14898298521101971	0.15733714539241328	0.14057325209285992
FAT_010-22-42-0.bam	0.051245793728300654	0.0524484757293551	0.0	0.05820756082614725	0.12357271982117322	0.14033890176169964	0.12844929888824583	0.1409514099752607	0.11393180707476887	0.12301326119723618	0.12754728160560838	0.1305189633430865	0.12068197620513703	0.11932184418455798	0.12244711549933432	0.12204508310383538	0.1635530731732542	0.158200927911846	0.15527834384745332	0.16298789088877727	0.14361864921424758
FAT_010-22-84-0.bam	0.0599619628688544	0.06456283361229549	0.05820756082614725	0.0	0.12962671430277217	0.14443821760965722	0.12873654420394479	0.14212392200487137	0.12149114483556266	0.13158280856674157	0.1352830549520638	0.13573042570529908	0.12650193677406704	0.12409339483358338	0.1345399630587349	0.12876754691548067	0.17374669480003055	0.1692278721627376	0.1642278925920942	0.17177454165463754	0.15324928550622957
FAT_014-22-0-0.bam	0.1242148667610522	0.1253974712154202	0.12357271982117322	0.12962671430277217	0.0	0.08530411462021549	0.07942480701799924	0.08731074179569856	0.05628895472110621	0.11542289340550682	0.11485664307881313	0.11312844204420036	0.11452091787291911	0.11036824777935356	0.11619455340896233	0.10207166433334781	0.13539004979234587	0.1332101416162033	0.1268043602879266	0.1373532221547881	0.11748817567637942
FAT_014-22-14-0.bam	0.13223667116994936	0.12433075579027233	0.14033890176169964	0.14443821760965722	0.08530411462021549	0.0	0.08147832017286774	0.11851723336172248	0.07869687227304116	0.11555294550232487	0.1161143531148338	0.11395669552237404	0.11416264236959257	0.10768802566685855	0.11148888881050517	0.10387701036132349	0.11934705339785585	0.11366649595620552	0.1104155055834376	0.11762452670053754	0.08751165601346106
FAT_014-22-2-0.bam	0.1250416670830246	0.12203347269547384	0.12844929888824583	0.12873654420394479	0.07942480701799924	0.08147832017286774	0.0	0.10576049414315564	0.06870715997435596	0.11695461916564923	0.12046340873011356	0.11298402337337303	0.11177220231425368	0.11389492198698091	0.11635888713959043	0.10793213022745755	0.1293546829474638	0.1245594451072252	0.11947138334956052	0.1273553896870736	0.10877295816021307
FAT_014-22-42-0.bam	0.1384951072768022	0.13590419063466314	0.1409514099752607	0.14212392200487137	0.08731074179569856	0.11851723336172248	0.10576049414315564	0.0	0.08663141333714086	0.13443920149725794	0.13130724567893606	0.13221353920002507	0.13744748981063612	0.12604135741523784	0.13198241476183303	0.12209794786893367	0.15585829370927054	0.15392720961067202	0.1493923096845334	0.15685819430792966	0.1295924507472791
FAT_014-22-84-0.bam	0.11029247913043605	0.10796079165761512	0.11393180707476887	0.12149114483556266	0.05628895472110621	0.07869687227304116	0.06870715997435596	0.08663141333714086	0.0	0.10876893863020347	0.1059145134623864	0.1047606112181846	0.10561150078360829	0.09932022928957568	0.1037310665771274	0.09281116458534576	0.12239828799885534	0.11953820612123434	0.11416580827187414	0.12094683615213375	0.10404827742132712
FAT_017-22-0-0.bam	0.12907151285445365	0.12536953513323523	0.12301326119723618	0.13158280856674157	0.11542289340550682	0.11555294550232487	0.11695461916564923	0.13443920149725794	0.10876893863020347	0.0	0.04965204032044246	0.052972134847739515	0.054702704365982645	0.10389535671504313	0.10340363880262286	0.09833002171520216	0.13550955698408942	0.13295927066615862	0.1311771983065024	0.13364005059509884	0.12533226480499748
FAT_017-22-2-0.bam	0.12699230292645167	0.13052794695326048	0.12754728160560838	0.1352830549520638	0.11485664307881313	0.1161143531148338	0.12046340873011356	0.13130724567893606	0.1059145134623864	0.04965204032044246	0.0	0.04638837506373019	0.050873319457154564	0.09498967023611463	0.09488660294358421	0.08753193070153645	0.12815596334246585	0.12990305925134601	0.12640251716981768	0.1269768595069899	0.11516437893337106
FAT_017-22-42-0.bam	0.13173933843001798	0.13241119736191945	0.1305189633430865	0.13573042570529908	0.11312844204420036	0.11395669552237404	0.11298402337337303	0.13221353920002507	0.1047606112181846	0.052972134847739515	0.04638837506373019	0.0	0.04457908231675931	0.0976302665608917	0.10154622235349725	0.09336244078198316	0.1329478054461113	0.129537441200609	0.1258816437647636	0.1323704727383808	0.11853840198758153
FAT_017-22-84-0.bam	0.12106895714037234	0.12227755855780821	0.12068197620513703	0.12650193677406704	0.11452091787291911	0.11416264236959257	0.11177220231425368	0.13744748981063612	0.10561150078360829	0.054702704365982645	0.050873319457154564	0.04457908231675931	0.0	0.10035744781080409	0.10055822334056046	0.09845004259884302	0.1382337446064768	0.13514818718866203	0.12924131219287482	0.13636890968816265	0.12478659486959982
FAT_023-22-14-0.bam	0.11672983364848284	0.11277365998794828	0.11932184418455798	0.12409339483358338	0.11036824777935356	0.10768802566685855	0.11389492198698091	0.12604135741523784	0.09932022928957568	0.10389535671504313	0.09498967023611463	0.0976302665608917	0.10035744781080409	0.0	0.039348576359599846	0.03971164802145298	0.13328776291953964	0.12848887707214088	0.12859894631385424	0.12984351058120275	0.11192548720488629
FAT_023-22-2-0.bam	0.12211648749005603	0.11521019414787602	0.12244711549933432	0.1345399630587349	0.11619455340896233	0.11148888881050517	0.11635888713959043	0.13198241476183303	0.1037310665771274	0.10340363880262286	0.09488660294358421	0.10154622235349725	0.10055822334056046	0.039348576359599846	0.0	0.044413273190729276	0.1334378389903781	0.12753480683923943	0.1279076456874398	0.1298676734675476	0.11511133195466958
FAT_023-22-42-0.bam	0.12080843674342596	0.11528187262090657	0.12204508310383538	0.12876754691548067	0.10207166433334781	0.10387701036132349	0.10793213022745755	0.12209794786893367	0.09281116458534576	0.09833002171520216	0.08753193070153645	0.09336244078198316	0.09845004259884302	0.03971164802145298	0.044413273190729276	0.0	0.12196977887143406	0.11939353033131911	0.11735285980632405	0.11932577506285635	0.10103139189686489
FAT_024-22-0-0.bam	0.14922358117065823	0.1580244522312985	0.1635530731732542	0.17374669480003055	0.13539004979234587	0.11934705339785585	0.1293546829474638	0.15585829370927054	0.12239828799885534	0.13550955698408942	0.12815596334246585	0.1329478054461113	0.1382337446064768	0.13328776291953964	0.1334378389903781	0.12196977887143406	0.0	0.03570594314695517	0.025536803209326008	0.02170635593066984	0.019050839985628062
FAT_024-22-14-0.bam	0.14758021405924304	0.15187566945803047	0.158200927911846	0.1692278721627376	0.1332101416162033	0.11366649595620552	0.1245594451072252	0.15392720961067202	0.11953820612123434	0.13295927066615862	0.12990305925134601	0.129537441200609	0.13514818718866203	0.12848887707214088	0.12753480683923943	0.11939353033131911	0.03570594314695517	0.0	0.03465334937262659	0.0367582553188027	0.03598686566436309
FAT_024-22-2-0.bam	0.1435473292854937	0.14898298521101971	0.15527834384745332	0.1642278925920942	0.1268043602879266	0.1104155055834376	0.11947138334956052	0.1493923096845334	0.11416580827187414	0.1311771983065024	0.12640251716981768	0.1258816437647636	0.12924131219287482	0.12859894631385424	0.1279076456874398	0.11735285980632405	0.025536803209326008	0.03465334937262659	0.0	0.02734643702130906	0.02716039911020316
FAT_024-22-42-0.bam	0.15142544264120567	0.15733714539241328	0.16298789088877727	0.17177454165463754	0.1373532221547881	0.11762452670053754	0.1273553896870736	0.15685819430792966	0.12094683615213375	0.13364005059509884	0.1269768595069899	0.1323704727383808	0.13636890968816265	0.12984351058120275	0.1298676734675476	0.11932577506285635	0.02170635593066984	0.0367582553188027	0.02734643702130906	0.0	0.022207233681200825
FAT_024-22-84-0.bam	0.12497380790437089	0.14057325209285992	0.14361864921424758	0.15324928550622957	0.11748817567637942	0.08751165601346106	0.10877295816021307	0.1295924507472791	0.10404827742132712	0.12533226480499748	0.11516437893337106	0.11853840198758153	0.12478659486959982	0.11192548720488629	0.11511133195466958	0.10103139189686489	0.019050839985628062	0.03598686566436309	0.02716039911020316	0.022207233681200825	0.0
