	FAT_010-22-14-0.bam	FAT_010-22-42-0.bam	FAT_010-22-84-0.bam	FAT_023-22-42-0.bam	FAT_024-22-2-0.bam	FAT_024-22-42-0.bam
FAT_010-22-14-0.bam	0.0	0.002500385862015743	0.0037320574162679424	0.35192371424428837	0.2806010722398282	0.3089638339427714
FAT_010-22-42-0.bam	0.002500385862015743	0.0	0.002404692082111437	0.3494233283822727	0.2781006863778125	0.3064634480807556
FAT_010-22-84-0.bam	0.0037320574162679424	0.002404692082111437	0.0	0.35182802046438405	0.2768690148235603	0.3052317765265035
FAT_023-22-42-0.bam	0.35192371424428837	0.3494233283822727	0.35182802046438405	0.0	0.41903962199416744	0.4411882611193516
FAT_024-22-2-0.bam	0.2806010722398282	0.2781006863778125	0.2768690148235603	0.41903962199416744	0.0	0.07387321033359645
FAT_024-22-42-0.bam	0.3089638339427714	0.3064634480807556	0.3052317765265035	0.4411882611193516	0.07387321033359645	0.0
