	FAT_014-22-84-0.bam	FAT_017-22-14-0.bam	FAT_023-22-42-0.bam	FAT_023-22-84-0.bam	FAT_024-22-0-0.bam	FAT_024-22-42-0.bam
FAT_014-22-84-0.bam	0.0	0.28047850299153376	0.21898536940945515	0.21788391782018204	0.20224172640358654	0.21843594267013774
FAT_017-22-14-0.bam	0.28047850299153376	0.0	0.22915597355375358	0.23644171387822113	0.2353030854026338	0.2548055942262472
FAT_023-22-42-0.bam	0.21898536940945515	0.22915597355375358	0.0	0.0572629778188747	0.21061232868496643	0.22372479130907807
FAT_023-22-84-0.bam	0.21788391782018204	0.23644171387822113	0.0572629778188747	0.0	0.2027425213251446	0.21326293442329994
FAT_024-22-0-0.bam	0.20224172640358654	0.2353030854026338	0.21061232868496643	0.2027425213251446	0.0	0.058347964514997956
FAT_024-22-42-0.bam	0.21843594267013774	0.2548055942262472	0.22372479130907807	0.21326293442329994	0.058347964514997956	0.0
