	FAT_010-22-2-0.bam	FAT_010-22-84-0.bam	FAT_014-22-14-0.bam	FAT_014-22-42-0.bam	FAT_024-22-42-0.bam	FAT_024-22-84-0.bam
FAT_010-22-2-0.bam	0.0	0.0010964912280701754	0.3848684210526316	0.42218597965501986	0.6519249512670565	0.6480263157894737
FAT_010-22-84-0.bam	0.0010964912280701754	0.0	0.38596491228070173	0.42328247088309007	0.6530214424951267	0.6491228070175439
FAT_014-22-14-0.bam	0.3848684210526316	0.38596491228070173	0.0	0.04350950906678461	0.4775828460038986	0.47368421052631576
FAT_014-22-42-0.bam	0.42218597965501986	0.42328247088309007	0.04350950906678461	0.0	0.5149004046062869	0.5110017691287042
FAT_024-22-42-0.bam	0.6519249512670565	0.6530214424951267	0.4775828460038986	0.5149004046062869	0.0	0.003898635477582846
FAT_024-22-84-0.bam	0.6480263157894737	0.6491228070175439	0.47368421052631576	0.5110017691287042	0.003898635477582846	0.0
