	FAT_010-22-0-0.bam	FAT_010-22-2-0.bam	FAT_010-22-42-0.bam	FAT_014-22-2-0.bam	FAT_014-22-42-0.bam	FAT_023-22-14-0.bam	FAT_023-22-2-0.bam	FAT_023-22-42-0.bam	FAT_024-22-14-0.bam
FAT_010-22-0-0.bam	0.0	0.0	0.0	0.12307692307692308	0.06153846153846154	0.07692307692307693	0.07692307692307693	0.06153846153846154	0.09230769230769231
FAT_010-22-2-0.bam	0.0	0.0	0.0	0.13846153846153847	0.06153846153846154	0.07692307692307693	0.07692307692307693	0.06153846153846154	0.07692307692307693
FAT_010-22-42-0.bam	0.0	0.0	0.0	0.15384615384615385	0.06153846153846154	0.09230769230769231	0.07692307692307693	0.06153846153846154	0.09230769230769231
FAT_014-22-2-0.bam	0.12307692307692308	0.13846153846153847	0.15384615384615385	0.0	0.046153846153846156	0.18461538461538463	0.18461538461538463	0.15384615384615385	0.18461538461538463
FAT_014-22-42-0.bam	0.06153846153846154	0.06153846153846154	0.06153846153846154	0.046153846153846156	0.0	0.1076923076923077	0.09230769230769231	0.07692307692307693	0.12307692307692308
FAT_023-22-14-0.bam	0.07692307692307693	0.07692307692307693	0.09230769230769231	0.18461538461538463	0.1076923076923077	0.0	0.0	0.0	0.15384615384615385
FAT_023-22-2-0.bam	0.07692307692307693	0.07692307692307693	0.07692307692307693	0.18461538461538463	0.09230769230769231	0.0	0.0	0.0	0.15384615384615385
FAT_023-22-42-0.bam	0.06153846153846154	0.06153846153846154	0.06153846153846154	0.15384615384615385	0.07692307692307693	0.0	0.0	0.0	0.1076923076923077
FAT_024-22-14-0.bam	0.09230769230769231	0.07692307692307693	0.09230769230769231	0.18461538461538463	0.12307692307692308	0.15384615384615385	0.15384615384615385	0.1076923076923077	0.0
