	FAT_010-22-14-0.bam	FAT_010-22-2-0.bam	FAT_014-22-42-0.bam	FAT_014-22-84-0.bam	FAT_023-22-14-0.bam	FAT_024-22-0-0.bam	FAT_024-22-14-0.bam	FAT_024-22-2-0.bam	FAT_024-22-42-0.bam	FAT_024-22-84-0.bam
FAT_010-22-14-0.bam	0.0	0.0	0.08949416342412451	0.07392996108949416	0.0933852140077821	0.12840466926070038	0.12840466926070038	0.1245136186770428	0.12840466926070038	0.10894941634241245
FAT_010-22-2-0.bam	0.0	0.0	0.10116731517509728	0.08171206225680934	0.07003891050583658	0.09727626459143969	0.09727626459143969	0.09727626459143969	0.10116731517509728	0.08949416342412451
FAT_014-22-42-0.bam	0.08949416342412451	0.10116731517509728	0.0	0.019455252918287938	0.10116731517509728	0.17120622568093385	0.17120622568093385	0.17120622568093385	0.16731517509727625	0.16342412451361868
FAT_014-22-84-0.bam	0.07392996108949416	0.08171206225680934	0.019455252918287938	0.0	0.08560311284046693	0.14785992217898833	0.14785992217898833	0.14785992217898833	0.14785992217898833	0.14007782101167315
FAT_023-22-14-0.bam	0.0933852140077821	0.07003891050583658	0.10116731517509728	0.08560311284046693	0.0	0.13229571984435798	0.13229571984435798	0.13229571984435798	0.13229571984435798	0.1245136186770428
FAT_024-22-0-0.bam	0.12840466926070038	0.09727626459143969	0.17120622568093385	0.14785992217898833	0.13229571984435798	0.0	0.0	0.0	0.0	0.0
FAT_024-22-14-0.bam	0.12840466926070038	0.09727626459143969	0.17120622568093385	0.14785992217898833	0.13229571984435798	0.0	0.0	0.0	0.0	0.0
FAT_024-22-2-0.bam	0.1245136186770428	0.09727626459143969	0.17120622568093385	0.14785992217898833	0.13229571984435798	0.0	0.0	0.0	0.0	0.0
FAT_024-22-42-0.bam	0.12840466926070038	0.10116731517509728	0.16731517509727625	0.14785992217898833	0.13229571984435798	0.0	0.0	0.0	0.0	0.0
FAT_024-22-84-0.bam	0.10894941634241245	0.08949416342412451	0.16342412451361868	0.14007782101167315	0.1245136186770428	0.0	0.0	0.0	0.0	0.0
