	FAT_010-22-14-0.bam	FAT_010-22-2-0.bam	FAT_010-22-84-0.bam	FAT_017-22-0-0.bam	FAT_017-22-42-0.bam	FAT_023-22-0-0.bam	FAT_023-22-14-0.bam	FAT_023-22-42-0.bam	FAT_023-22-84-0.bam
FAT_010-22-14-0.bam	0.0	0.019590161357251494	0.04761775334316201	0.3009574117489113	0.33089559272701613	0.33634379176421114	0.3345275876079429	0.3320924650267415	0.33873520570974447
FAT_010-22-2-0.bam	0.019590161357251494	0.0	0.0455042946747791	0.3016881447472519	0.3320676509132257	0.33952539407511345	0.33663782143582544	0.33399592932658667	0.34007258088372366
FAT_010-22-84-0.bam	0.04761775334316201	0.0455042946747791	0.0	0.2949240604603726	0.32785235477341834	0.3387402372755069	0.3360989700549381	0.3341087317106536	0.33826999778266054
FAT_017-22-0-0.bam	0.3009574117489113	0.3016881447472519	0.2949240604603726	0.0	0.11931948234816994	0.30083763924626056	0.29871935621648493	0.29914275170152443	0.3032799654485886
FAT_017-22-42-0.bam	0.33089559272701613	0.3320676509132257	0.32785235477341834	0.11931948234816994	0.0	0.3038583947967098	0.30279976639801737	0.3031011035448463	0.3067208890662647
FAT_023-22-0-0.bam	0.33634379176421114	0.33952539407511345	0.3387402372755069	0.30083763924626056	0.3038583947967098	0.0	0.004846786856212627	0.0073322637610177864	0.008789754062360933
FAT_023-22-14-0.bam	0.3345275876079429	0.33663782143582544	0.3360989700549381	0.29871935621648493	0.30279976639801737	0.004846786856212627	0.0	0.007597722451164003	0.007335627359012539
FAT_023-22-42-0.bam	0.3320924650267415	0.33399592932658667	0.3341087317106536	0.29914275170152443	0.3031011035448463	0.0073322637610177864	0.007597722451164003	0.0	0.011161656056294263
FAT_023-22-84-0.bam	0.33873520570974447	0.34007258088372366	0.33826999778266054	0.3032799654485886	0.3067208890662647	0.008789754062360933	0.007335627359012539	0.011161656056294263	0.0
