	SPB_T21.bam	SPB_T29.bam	SPB_T30.bam	SPB_T31.bam	SPB_T35.bam	SPB_T36.bam	SPB_T41.bam	SPB_T42.bam	SPB_T43.bam
SPB_T21.bam	0.0	0.24930619757481537	0.1896690093661986	0.25636101950358686	0.15391137297831012	0.12921816236072975	0.5363810275067882	0.2671066510895546	0.2250053661311268
SPB_T29.bam	0.24930619757481537	0.0	0.08956916099773242	0.30027210884353744	0.19702881152460985	0.18027210884353742	0.5010204081632652	0.19365079365079363	0.13276643990929704
SPB_T30.bam	0.1896690093661986	0.08956916099773242	0.0	0.21070294784580498	0.13739162331599306	0.12063492063492065	0.45668934240362813	0.23877551020408164	0.07675736961451247
SPB_T31.bam	0.25636101950358686	0.30027210884353744	0.21070294784580498	0.0	0.1143544084300387	0.2070748299319728	0.30312925170068034	0.27547996976568406	0.2675056689342404
SPB_T35.bam	0.15391137297831012	0.19702881152460985	0.13739162331599306	0.1143544084300387	0.0	0.09832266239829265	0.38807189542483655	0.18493508514516918	0.17854808590102705
SPB_T36.bam	0.12921816236072975	0.18027210884353742	0.12063492063492065	0.2070748299319728	0.09832266239829265	0.0	0.44217687074829926	0.22637944066515495	0.13117913832199546
SPB_T41.bam	0.5363810275067882	0.5010204081632652	0.45668934240362813	0.30312925170068034	0.38807189542483655	0.44217687074829926	0.0	0.483371126228269	0.4844671201814059
SPB_T42.bam	0.2671066510895546	0.19365079365079363	0.23877551020408164	0.27547996976568406	0.18493508514516918	0.22637944066515495	0.483371126228269	0.0	0.29104308390022676
SPB_T43.bam	0.2250053661311268	0.13276643990929704	0.07675736961451247	0.2675056689342404	0.17854808590102705	0.13117913832199546	0.4844671201814059	0.29104308390022676	0.0
