	SPB_T21.bam	SPB_T23.bam	SPB_T25.bam	SPB_T30.bam	SPB_T41.bam	SPB_T44.bam
SPB_T21.bam	0.0	0.0	0.017857142857142856	0.35714285714285715	0.21428571428571427	0.21428571428571427
SPB_T23.bam	0.0	0.0	0.05357142857142857	0.4107142857142857	0.25	0.26785714285714285
SPB_T25.bam	0.017857142857142856	0.05357142857142857	0.0	0.2857142857142857	0.16071428571428573	0.21428571428571427
SPB_T30.bam	0.35714285714285715	0.4107142857142857	0.2857142857142857	0.0	0.4107142857142857	0.23214285714285715
SPB_T41.bam	0.21428571428571427	0.25	0.16071428571428573	0.4107142857142857	0.0	0.25
SPB_T44.bam	0.21428571428571427	0.26785714285714285	0.21428571428571427	0.23214285714285715	0.25	0.0
