	SPB_T23.bam	SPB_T25.bam	SPB_T30.bam	SPB_T35.bam	SPB_T36.bam	SPB_T39.bam	SPB_T41.bam	SPB_T42.bam	SPB_T43.bam	SPB_T44.bam	SPB_T45.bam
SPB_T23.bam	0.0	0.03818787321523989	0.020528212670420928	0.010713484286580081	0.044684427397293	0.01505433614101602	0.010074719558319204	0.030019116551548042	0.020053231554512836	0.008457288094036623	0.020198939218435904
SPB_T25.bam	0.03818787321523989	0.0	0.04591059448995933	0.03966589113258622	0.063213071556628	0.04604969053740494	0.04252879332009378	0.055018604085647405	0.04875322629929964	0.038485650026206915	0.04579000624424375
SPB_T30.bam	0.020528212670420928	0.04591059448995933	0.0	0.02344176998532871	0.05069927444984772	0.02798182835734947	0.02273652313230043	0.0370946890310677	0.029700129863342042	0.02018443810130021	0.03277647124450327
SPB_T35.bam	0.010713484286580081	0.03966589113258622	0.02344176998532871	0.0	0.04060296845543517	0.020575532299147395	0.011802306582804485	0.03298646250891622	0.020565688027849142	0.012970810717415888	0.016969622281407522
SPB_T36.bam	0.044684427397293	0.063213071556628	0.05069927444984772	0.04060296845543517	0.0	0.04818994180708201	0.040943854050570855	0.048391168332498555	0.044115590566087944	0.045573553813361416	0.03332279399427445
SPB_T39.bam	0.01505433614101602	0.04604969053740494	0.02798182835734947	0.020575532299147395	0.04818994180708201	0.0	0.019703098129973038	0.031336941477143	0.025524252263431812	0.01677981921754266	0.027301067522346626
SPB_T41.bam	0.010074719558319204	0.04252879332009378	0.02273652313230043	0.011802306582804485	0.040943854050570855	0.019703098129973038	0.0	0.033373259741181695	0.02242030948530004	0.012673909736367407	0.017871571025646314
SPB_T42.bam	0.030019116551548042	0.055018604085647405	0.0370946890310677	0.03298646250891622	0.048391168332498555	0.031336941477143	0.033373259741181695	0.0	0.03357757881084732	0.031464266869387185	0.03494544785948789
SPB_T43.bam	0.020053231554512836	0.04875322629929964	0.029700129863342042	0.020565688027849142	0.044115590566087944	0.025524252263431812	0.02242030948530004	0.03357757881084732	0.0	0.022206326971336936	0.026158458963669907
SPB_T44.bam	0.008457288094036623	0.038485650026206915	0.02018443810130021	0.012970810717415888	0.045573553813361416	0.01677981921754266	0.012673909736367407	0.031464266869387185	0.022206326971336936	0.0	0.02289624300899744
SPB_T45.bam	0.020198939218435904	0.04579000624424375	0.03277647124450327	0.016969622281407522	0.03332279399427445	0.027301067522346626	0.017871571025646314	0.03494544785948789	0.026158458963669907	0.02289624300899744	0.0
