	SPB_T27.bam	SPB_T29.bam	SPB_T30.bam	SPB_T43.bam	SPB_T44.bam	SPB_T45.bam
SPB_T27.bam	0.0	0.0036224312086381083	0.0007662835249042157	0.0030829948434304153	0.0007662835249042157	0.0007662835249042157
SPB_T29.bam	0.0036224312086381083	0.0	0.0028561476837338923	0.002983477502533765	0.0028561476837338923	0.0028561476837338923
SPB_T30.bam	0.0007662835249042157	0.0028561476837338923	0.0	0.0023167113185261997	0.0	0.0
SPB_T43.bam	0.0030829948434304153	0.002983477502533765	0.0023167113185261997	0.0	0.0023167113185261997	0.0023167113185261997
SPB_T44.bam	0.0007662835249042157	0.0028561476837338923	0.0	0.0023167113185261997	0.0	0.0
SPB_T45.bam	0.0007662835249042157	0.0028561476837338923	0.0	0.0023167113185261997	0.0	0.0
