	SPB_T21.bam	SPB_T25.bam	SPB_T29.bam	SPB_T30.bam	SPB_T31.bam	SPB_T33.bam	SPB_T35.bam	SPB_T37.bam	SPB_T39.bam	SPB_T41.bam	SPB_T42.bam	SPB_T44.bam
SPB_T21.bam	0.0	0.5648860700886664	0.38226033355985456	0.5639983595676131	0.365090227685923	0.36430439111840485	0.36377214697575877	0.39538594164580326	0.3793533808367809	0.3957828266294937	0.39576573073966853	0.3415345502222335
SPB_T25.bam	0.5648860700886664	0.0	0.42608205979454306	0.001185109598940218	0.5188816311531664	0.516850883485615	0.5180185308228847	0.5483157308203883	0.5620437956204379	0.5482863515488225	0.5488871951219512	0.44656029996939084
SPB_T29.bam	0.38226033355985456	0.42608205979454306	0.0	0.42576620823751815	0.5281117041791766	0.5283474913695626	0.5278868624706983	0.4741377150381157	0.4664714935148089	0.4745635008067477	0.4748050898133048	0.032655691091955916
SPB_T30.bam	0.5639983595676131	0.001185109598940218	0.42576620823751815	0.0	0.5181502683494364	0.516119520681885	0.5171436959961991	0.5474101519887837	0.5610306117480359	0.547380772717218	0.5479816162903466	0.44600890320507336
SPB_T31.bam	0.365090227685923	0.5188816311531664	0.5281117041791766	0.5181502683494364	0.0	0.0024279934302632172	0.0018141779106040019	0.44549005001715286	0.38039325148791003	0.44543749431967666	0.4448203787835996	0.4834365662677649
SPB_T33.bam	0.36430439111840485	0.516850883485615	0.5283474913695626	0.516119520681885	0.0024279934302632172	0.0	0.002269783362769237	0.44486557213678335	0.3796072405143387	0.4449079201120794	0.44429080457600245	0.4833928136524533
SPB_T35.bam	0.36377214697575877	0.5180185308228847	0.5278868624706983	0.5171436959961991	0.0018141779106040019	0.002269783362769237	0.0	0.44463483122704744	0.3795148646135897	0.4445822755295713	0.4439651599934943	0.48283679304459365
SPB_T37.bam	0.39538594164580326	0.5483157308203883	0.4741377150381157	0.5474101519887837	0.44549005001715286	0.44486557213678335	0.44463483122704744	0.0	0.0013858311150486227	0.0019981153098112344	0.002030270148718001	0.4440059189623267
SPB_T39.bam	0.3793533808367809	0.5620437956204379	0.4664714935148089	0.5610306117480359	0.38039325148791003	0.3796072405143387	0.3795148646135897	0.0013858311150486227	0.0	0.0006879259714810794	0.00104014598540146	0.42435305435305437
SPB_T41.bam	0.3957828266294937	0.5482863515488225	0.4745635008067477	0.547380772717218	0.44543749431967666	0.4449079201120794	0.4445822755295713	0.0019981153098112344	0.0006879259714810794	0.0	0.0017924386483975764	0.4444668388563861
SPB_T42.bam	0.39576573073966853	0.5488871951219512	0.4748050898133048	0.5479816162903466	0.4448203787835996	0.44429080457600245	0.4439651599934943	0.002030270148718001	0.00104014598540146	0.0017924386483975764	0.0	0.444042563076654
SPB_T44.bam	0.3415345502222335	0.44656029996939084	0.032655691091955916	0.44600890320507336	0.4834365662677649	0.4833928136524533	0.48283679304459365	0.4440059189623267	0.42435305435305437	0.4444668388563861	0.444042563076654	0.0
