	SPB_T21.bam	SPB_T23.bam	SPB_T25.bam	SPB_T29.bam	SPB_T30.bam	SPB_T44.bam
SPB_T21.bam	0.0	0.016454915830299496	0.03557532704393123	0.04197341591325951	0.0408691544052713	0.21497265146566624
SPB_T23.bam	0.016454915830299496	0.0	0.036080447835433134	0.039641311069882494	0.039548546691403834	0.2208453702056858
SPB_T25.bam	0.03557532704393123	0.036080447835433134	0.0	0.02251305640468765	0.02650192467927021	0.23848928089589996
SPB_T29.bam	0.04197341591325951	0.039641311069882494	0.02251305640468765	0.0	0.01437847866419295	0.24821576441812115
SPB_T30.bam	0.0408691544052713	0.039548546691403834	0.02650192467927021	0.01437847866419295	0.0	0.24971598505973747
SPB_T44.bam	0.21497265146566624	0.2208453702056858	0.23848928089589996	0.24821576441812115	0.24971598505973747	0.0
