	SPB_T29.bam	SPB_T30.bam	SPB_T31.bam	SPB_T33.bam	SPB_T43.bam	SPB_T45.bam
SPB_T29.bam	0.0	0.0026881720430107538	0.9005376344086022	0.8978494623655915	0.0035370684776457285	0.0026881720430107538
SPB_T30.bam	0.0026881720430107538	0.0	0.9032258064516129	0.9005376344086022	0.0008488964346349745	0.0
SPB_T31.bam	0.9005376344086022	0.9032258064516129	0.0	0.0026881720430107538	0.902376910016978	0.9032258064516129
SPB_T33.bam	0.8978494623655915	0.9005376344086022	0.0026881720430107538	0.0	0.8996887379739672	0.9005376344086022
SPB_T43.bam	0.0035370684776457285	0.0008488964346349745	0.902376910016978	0.8996887379739672	0.0	0.0008488964346349745
SPB_T45.bam	0.0026881720430107538	0.0	0.9032258064516129	0.9005376344086022	0.0008488964346349745	0.0
