	SPB_T23.bam	SPB_T25.bam	SPB_T27.bam	SPB_T29.bam	SPB_T30.bam	SPB_T33.bam	SPB_T35.bam	SPB_T36.bam	SPB_T39.bam	SPB_T41.bam	SPB_T42.bam	SPB_T43.bam	SPB_T44.bam	SPB_T45.bam
SPB_T23.bam	0.0	0.024715778529239313	0.023474961388366387	0.04868153910722981	0.028044009834203572	0.01801630973527851	0.016571695049040287	0.029579988453352118	0.030798487243675593	0.02747751417404927	0.039786834838714584	0.028251998373033202	0.01608755613368847	0.025446438495169737
SPB_T25.bam	0.024715778529239313	0.0	0.026875501489504516	0.045031910391404556	0.029812558258480847	0.023768003394698648	0.013896985981826872	0.02826074286573929	0.035235542719622114	0.025090264892226977	0.03903867932318292	0.024797002601681144	0.015050598641019791	0.02417800781756626
SPB_T27.bam	0.023474961388366387	0.026875501489504516	0.0	0.04350634307276478	0.03297333706121462	0.024354495286495505	0.017631693271027534	0.03470599947024754	0.04628976842441539	0.035599147816348715	0.04826366540342834	0.03271856431573424	0.01787460312056519	0.031906998402807536
SPB_T29.bam	0.04868153910722981	0.045031910391404556	0.04350634307276478	0.0	0.05985660602491141	0.03945845200270436	0.03820662520764342	0.04728812834827238	0.05166811246056529	0.04241088333681984	0.05286656927523801	0.05396884476931268	0.04180021113327991	0.04506852338614681
SPB_T30.bam	0.028044009834203572	0.029812558258480847	0.03297333706121462	0.05985660602491141	0.0	0.029885093728706052	0.0255607147965307	0.03565445343745423	0.04756762116726739	0.03752581829724687	0.04631214669695305	0.026816822817973155	0.022261993369311416	0.03480276146923717
SPB_T33.bam	0.01801630973527851	0.023768003394698648	0.024354495286495505	0.03945845200270436	0.029885093728706052	0.0	0.016959372334146697	0.021353253282197057	0.031246039304897683	0.025958728106502387	0.04181485793477715	0.029152460539827917	0.017371246079242654	0.021946481578344293
SPB_T35.bam	0.016571695049040287	0.013896985981826872	0.017631693271027534	0.03820662520764342	0.0255607147965307	0.016959372334146697	0.0	0.02306281781919395	0.03298338195020958	0.022931835138909257	0.03644635941577981	0.02144973395162673	0.008023790321149272	0.019440991181450838
SPB_T36.bam	0.029579988453352118	0.02826074286573929	0.03470599947024754	0.04728812834827238	0.03565445343745423	0.021353253282197057	0.02306281781919395	0.0	0.041252175820502106	0.02702972364747592	0.04554768113160097	0.03466907111427962	0.023184346019437065	0.01779151021789498
SPB_T39.bam	0.030798487243675593	0.035235542719622114	0.04628976842441539	0.05166811246056529	0.04756762116726739	0.031246039304897683	0.03298338195020958	0.041252175820502106	0.0	0.04055221550535683	0.04169340822601332	0.04223123530658169	0.033955890543999404	0.03970877889606065
SPB_T41.bam	0.02747751417404927	0.025090264892226977	0.035599147816348715	0.04241088333681984	0.03752581829724687	0.025958728106502387	0.022931835138909257	0.02702972364747592	0.04055221550535683	0.0	0.04114252517177489	0.03484938938024268	0.022575989869103356	0.02258379930181431
SPB_T42.bam	0.039786834838714584	0.03903867932318292	0.04826366540342834	0.05286656927523801	0.04631214669695305	0.04181485793477715	0.03644635941577981	0.04554768113160097	0.04169340822601332	0.04114252517177489	0.0	0.042485376104886764	0.03592999279656187	0.041601605429667836
SPB_T43.bam	0.028251998373033202	0.024797002601681144	0.03271856431573424	0.05396884476931268	0.026816822817973155	0.029152460539827917	0.02144973395162673	0.03466907111427962	0.04223123530658169	0.03484938938024268	0.042485376104886764	0.0	0.02242527410469408	0.03132731334254783
SPB_T44.bam	0.01608755613368847	0.015050598641019791	0.01787460312056519	0.04180021113327991	0.022261993369311416	0.017371246079242654	0.008023790321149272	0.023184346019437065	0.033955890543999404	0.022575989869103356	0.03592999279656187	0.02242527410469408	0.0	0.022763275694362976
SPB_T45.bam	0.025446438495169737	0.02417800781756626	0.031906998402807536	0.04506852338614681	0.03480276146923717	0.021946481578344293	0.019440991181450838	0.01779151021789498	0.03970877889606065	0.02258379930181431	0.041601605429667836	0.03132731334254783	0.022763275694362976	0.0
