	SPB_T25.bam	SPB_T29.bam	SPB_T30.bam	SPB_T35.bam	SPB_T36.bam	SPB_T41.bam	SPB_T42.bam	SPB_T44.bam	SPB_T45.bam
SPB_T25.bam	0.0	0.20060953985323732	0.0857702036800296	0.1999466826357583	0.3939685831393041	0.5157063198239669	0.5120345947236704	0.18615931920553766	0.04113683701918997
SPB_T29.bam	0.20060953985323732	0.0	0.21246112614793886	0.01755987243382201	0.30720033737946173	0.427531012404962	0.4269641189809257	0.20263769144021246	0.16385537898142938
SPB_T30.bam	0.0857702036800296	0.21246112614793886	0.0	0.21980454836531071	0.357697768958664	0.47163679641604617	0.47016287351355174	0.17841632640986185	0.075842487584977
SPB_T35.bam	0.1999466826357583	0.01755987243382201	0.21980454836531071	0.0	0.317524588291948	0.4369676355390641	0.43957534528963094	0.2120743145743146	0.16099471956614816
SPB_T36.bam	0.3939685831393041	0.30720033737946173	0.357697768958664	0.317524588291948	0.0	0.47338390171428657	0.471501815546486	0.32717538800577284	0.35851312356619747
SPB_T41.bam	0.5157063198239669	0.427531012404962	0.47163679641604617	0.4369676355390641	0.47338390171428657	0.0	0.0046485260770975055	0.4104128014842301	0.49701409701409704
SPB_T42.bam	0.5120345947236704	0.4269641189809257	0.47016287351355174	0.43957534528963094	0.471501815546486	0.0046485260770975055	0.0	0.4089388785817357	0.4955401741116027
SPB_T44.bam	0.18615931920553766	0.20263769144021246	0.17841632640986185	0.2120743145743146	0.32717538800577284	0.4104128014842301	0.4089388785817357	0.0	0.16746709639566784
SPB_T45.bam	0.04113683701918997	0.16385537898142938	0.075842487584977	0.16099471956614816	0.35851312356619747	0.49701409701409704	0.4955401741116027	0.16746709639566784	0.0
