	SPB_T23.bam	SPB_T25.bam	SPB_T29.bam	SPB_T30.bam	SPB_T35.bam	SPB_T36.bam	SPB_T41.bam	SPB_T42.bam	SPB_T43.bam	SPB_T44.bam	SPB_T45.bam
SPB_T23.bam	0.0	0.000948717948717952	0.0010920966039610037	0.0008333333333333326	0.0025	0.0	0.0033449883449883444	0.0004422657952069731	0.0009176902869014026	0.0016680042181877219	0.0013406593406593403
SPB_T25.bam	0.000948717948717952	0.0	0.003985953435319826	0.002386168265764519	0.005475075061359471	0.0011304605032074412	0.00456310092214923	0.0034722518517573716	0.0015747649134459233	0.0027416316161400166	0.0017928118504902946
SPB_T29.bam	0.0010920966039610037	0.003985953435319826	0.0	0.0041112006946694615	0.007200107490264413	0.002855492932112384	0.006288133351054173	0.0037163512928800116	0.003444265004812497	0.004316952240269152	0.004300623144365884
SPB_T30.bam	0.0008333333333333326	0.002386168265764519	0.0041112006946694615	0.0	0.004230459307010476	0.0012557077625570778	0.0046883481814988665	0.0030267228553992444	0.002308840178883844	0.0026528377795992423	0.002700837974810577
SPB_T35.bam	0.0025	0.005475075061359471	0.007200107490264413	0.004230459307010476	0.0	0.004344614558152029	0.007777254977093818	0.00523184706151121	0.0053977469744787955	0.0059557856710846045	0.005789744770405529
SPB_T36.bam	0.0	0.0011304605032074412	0.002855492932112384	0.0012557077625570778	0.004344614558152029	0.0	0.003432640418941789	0.0023417913485499304	0.001053132416326766	0.0016111711129325754	0.0014451302122534993
SPB_T41.bam	0.0033449883449883444	0.00456310092214923	0.006288133351054173	0.0046883481814988665	0.007777254977093818	0.003432640418941789	0.0	0.0057744317674917195	0.004485772835268555	0.004839354365650687	0.004877770631195288
SPB_T42.bam	0.0004422657952069731	0.0034722518517573716	0.0037163512928800116	0.0030267228553992444	0.00523184706151121	0.0023417913485499304	0.0057744317674917195	0.0	0.0033949237648766965	0.0036332407591834867	0.0037869215608034297
SPB_T43.bam	0.0009176902869014026	0.0015747649134459233	0.003444265004812497	0.002308840178883844	0.0053977469744787955	0.001053132416326766	0.004485772835268555	0.0033949237648766965	0.0	0.0025040856329203156	0.0024982626285802653
SPB_T44.bam	0.0016680042181877219	0.0027416316161400166	0.004316952240269152	0.0026528377795992423	0.0059557856710846045	0.0016111711129325754	0.004839354365650687	0.0036332407591834867	0.0025040856329203156	0.0	0.0030563013251860747
SPB_T45.bam	0.0013406593406593403	0.0017928118504902946	0.004300623144365884	0.002700837974810577	0.005789744770405529	0.0014451302122534993	0.004877770631195288	0.0037869215608034297	0.0024982626285802653	0.0030563013251860747	0.0
