	SPB_T21.bam	SPB_T29.bam	SPB_T30.bam	SPB_T31.bam	SPB_T35.bam	SPB_T36.bam	SPB_T41.bam	SPB_T42.bam	SPB_T43.bam
SPB_T21.bam	0.0	0.19047619047619047	0.09523809523809523	0.23809523809523808	0.047619047619047616	0.047619047619047616	0.5238095238095238	0.23809523809523808	0.09523809523809523
SPB_T29.bam	0.19047619047619047	0.0	0.047619047619047616	0.2857142857142857	0.14285714285714285	0.14285714285714285	0.47619047619047616	0.14285714285714285	0.047619047619047616
SPB_T30.bam	0.09523809523809523	0.047619047619047616	0.0	0.14285714285714285	0.0	0.047619047619047616	0.38095238095238093	0.14285714285714285	0.047619047619047616
SPB_T31.bam	0.23809523809523808	0.2857142857142857	0.14285714285714285	0.0	0.0	0.23809523809523808	0.2857142857142857	0.38095238095238093	0.19047619047619047
SPB_T35.bam	0.047619047619047616	0.14285714285714285	0.0	0.0	0.0	0.0	0.38095238095238093	0.19047619047619047	0.047619047619047616
SPB_T36.bam	0.047619047619047616	0.14285714285714285	0.047619047619047616	0.23809523809523808	0.0	0.0	0.42857142857142855	0.23809523809523808	0.047619047619047616
SPB_T41.bam	0.5238095238095238	0.47619047619047616	0.38095238095238093	0.2857142857142857	0.38095238095238093	0.42857142857142855	0.0	0.5714285714285714	0.42857142857142855
SPB_T42.bam	0.23809523809523808	0.14285714285714285	0.14285714285714285	0.38095238095238093	0.19047619047619047	0.23809523809523808	0.5714285714285714	0.0	0.23809523809523808
SPB_T43.bam	0.09523809523809523	0.047619047619047616	0.047619047619047616	0.19047619047619047	0.047619047619047616	0.047619047619047616	0.42857142857142855	0.23809523809523808	0.0
