	SPB_T29.bam	SPB_T30.bam	SPB_T35.bam	SPB_T36.bam	SPB_T37.bam	SPB_T41.bam	SPB_T42.bam	SPB_T43.bam	SPB_T45.bam
SPB_T29.bam	0.0	0.1913242629578757	0.4228414337563307	0.3619870471487258	0.4334340605253394	0.4235984029265492	0.4233132108998991	0.3583455179345751	0.271605567165976
SPB_T30.bam	0.1913242629578757	0.0	0.33460217156688365	0.2130458352078582	0.3727681938157025	0.36427030329255355	0.36411206973062293	0.213065237940187	0.21764830752622008
SPB_T35.bam	0.4228414337563307	0.33460217156688365	0.0	0.26218852220929784	0.3611353829564883	0.36251513915309125	0.36306357757486935	0.2944166749579177	0.3652853241941546
SPB_T36.bam	0.3619870471487258	0.2130458352078582	0.26218852220929784	0.0	0.3446665003835103	0.34473489737401725	0.3425985936373689	0.06059109241186906	0.3319780783489707
SPB_T37.bam	0.4334340605253394	0.3727681938157025	0.3611353829564883	0.3446665003835103	0.0	0.010831504704477087	0.012091355600523086	0.35589949290635875	0.35955648498875226
SPB_T41.bam	0.4235984029265492	0.36427030329255355	0.36251513915309125	0.34473489737401725	0.010831504704477087	0.0	0.01759122579900972	0.3544084357058325	0.35568173731209085
SPB_T42.bam	0.4233132108998991	0.36411206973062293	0.36306357757486935	0.3425985936373689	0.012091355600523086	0.01759122579900972	0.0	0.3529961642721638	0.35365104322860524
SPB_T43.bam	0.3583455179345751	0.213065237940187	0.2944166749579177	0.06059109241186906	0.35589949290635875	0.3544084357058325	0.3529961642721638	0.0	0.32693355660695633
SPB_T45.bam	0.271605567165976	0.21764830752622008	0.3652853241941546	0.3319780783489707	0.35955648498875226	0.35568173731209085	0.35365104322860524	0.32693355660695633	0.0
