	SPB_T30.bam	SPB_T35.bam	SPB_T36.bam	SPB_T37.bam	SPB_T39.bam	SPB_T41.bam	SPB_T42.bam	SPB_T44.bam
SPB_T30.bam	0.0	0.5739444938065865	0.5737368481905423	0.573730387391079	0.5739850493385736	0.5742196318442042	0.5737920517235684	0.5270013533552012
SPB_T35.bam	0.5739444938065865	0.0	0.000799940917858006	0.0010476171551093835	0.001278556812433154	0.0023817137027456166	0.0019352135753080827	0.4092559078794124
SPB_T36.bam	0.5737368481905423	0.000799940917858006	0.0	0.0003497587198973555	0.0006802287978009544	0.0015817727848876104	0.0011352726574500765	0.4098322147902967
SPB_T37.bam	0.573730387391079	0.0010476171551093835	0.0003497587198973555	0.0	0.0009279050350523319	0.001931531504784966	0.0013528261949042801	0.40948245607039935
SPB_T39.bam	0.5739850493385736	0.001278556812433154	0.0006802287978009544	0.0009279050350523319	0.0	0.0022620015826885645	0.001815501455251031	0.40993973189210425
SPB_T41.bam	0.5742196318442042	0.0023817137027456166	0.0015817727848876104	0.001931531504784966	0.0022620015826885645	0.0	0.002717045442337687	0.4105930852070288
SPB_T42.bam	0.5737920517235684	0.0019352135753080827	0.0011352726574500765	0.0013528261949042801	0.001815501455251031	0.002717045442337687	0.0	0.40950339374574984
SPB_T44.bam	0.5270013533552012	0.4092559078794124	0.4098322147902967	0.40948245607039935	0.40993973189210425	0.4105930852070288	0.40950339374574984	0.0
