	SPB_T23.bam	SPB_T25.bam	SPB_T29.bam	SPB_T30.bam	SPB_T35.bam	SPB_T41.bam	SPB_T42.bam	SPB_T43.bam	SPB_T44.bam	SPB_T45.bam
SPB_T23.bam	0.0	0.0022642469470827683	0.0030581039755351687	0.002060606193474461	0.005105311355311356	0.0023610577538737357	0.00378951370522832	0.0030893057126927547	0.003046722781513361	0.004455050102323609
SPB_T25.bam	0.0022642469470827683	0.0	0.000496031746031746	0.002470255507975058	0.00283741202108549	0.0013649827046956235	0.002635751960121455	0.002512340154574081	0.0020986432750478815	0.0032278200536412904
SPB_T29.bam	0.0030581039755351687	0.000496031746031746	0.0	0.002205816064511716	0.0029127634660421555	0.0008924928600571195	0.0018163980875982207	0.001669639716835339	0.0015851937668392463	0.0027472052950849113
SPB_T30.bam	0.002060606193474461	0.002470255507975058	0.002205816064511716	0.0	0.0037703123328677902	0.0013989144423927026	0.0030114471974767706	0.0028880353919293967	0.002283353027300065	0.003062389749871065
SPB_T35.bam	0.005105311355311356	0.00283741202108549	0.0029127634660421555	0.0037703123328677902	0.0	0.0029699248120300756	0.004146376119395468	0.004147878460571959	0.003430109371218101	0.004882437823614294
SPB_T41.bam	0.0023610577538737357	0.0013649827046956235	0.0008924928600571195	0.0013989144423927026	0.0029699248120300756	0.0	0.001916953014205827	0.001795899396025601	0.0010154353905555405	0.0018272417308129473
SPB_T42.bam	0.00378951370522832	0.002635751960121455	0.0018163980875982207	0.0030114471974767706	0.004146376119395468	0.001916953014205827	0.0	0.003042386436379601	0.002636594592767914	0.0034044919849338493
SPB_T43.bam	0.0030893057126927547	0.002512340154574081	0.001669639716835339	0.0028880353919293967	0.004147878460571959	0.001795899396025601	0.003042386436379601	0.0	0.002174583155044321	0.0036231411268385486
SPB_T44.bam	0.003046722781513361	0.0020986432750478815	0.0015851937668392463	0.002283353027300065	0.003430109371218101	0.0010154353905555405	0.002636594592767914	0.002174583155044321	0.0	0.0028426771213684882
SPB_T45.bam	0.004455050102323609	0.0032278200536412904	0.0027472052950849113	0.003062389749871065	0.004882437823614294	0.0018272417308129473	0.0034044919849338493	0.0036231411268385486	0.0028426771213684882	0.0
