	SPB_T21.bam	SPB_T25.bam	SPB_T29.bam	SPB_T30.bam	SPB_T31.bam	SPB_T33.bam	SPB_T35.bam
SPB_T21.bam	0.0	0.2964132665045878	0.3138890851582287	0.32679409524217795	0.3759380447605439	0.3776390844446937	0.3108086035760494
SPB_T25.bam	0.2964132665045878	0.0	0.3520292541658301	0.36602466601929806	0.44482123995068684	0.44652227963483676	0.35390191068619453
SPB_T29.bam	0.3138890851582287	0.3520292541658301	0.0	0.05937888410147299	0.3490990115191272	0.350800051203277	0.26797645305709816
SPB_T30.bam	0.32679409524217795	0.36602466601929806	0.05937888410147299	0.0	0.3658621805995555	0.36248556198024057	0.26484299616879436
SPB_T31.bam	0.3759380447605439	0.44482123995068684	0.3490990115191272	0.3658621805995555	0.0	0.004048661630067594	0.2446520397334457
SPB_T33.bam	0.3776390844446937	0.44652227963483676	0.350800051203277	0.36248556198024057	0.004048661630067594	0.0	0.24635307941759552
SPB_T35.bam	0.3108086035760494	0.35390191068619453	0.26797645305709816	0.26484299616879436	0.2446520397334457	0.24635307941759552	0.0
