	SPB_T23.bam	SPB_T25.bam	SPB_T30.bam	SPB_T33.bam	SPB_T35.bam	SPB_T36.bam	SPB_T41.bam	SPB_T44.bam	SPB_T45.bam
SPB_T23.bam	0.0	0.0022291021671826637	0.0010526315789473673	0.011280701754385964	0.0054202247700699665	0.002874493927125503	0.0010526315789473673	0.0030526315789473667	0.0010526315789473673
SPB_T25.bam	0.0022291021671826637	0.0	0.0011764705882352966	0.013509803921568628	0.005544063779357896	0.0029983329364134327	0.0011764705882352966	0.0031764705882352962	0.0011764705882352966
SPB_T30.bam	0.0010526315789473673	0.0011764705882352966	0.0	0.012333333333333332	0.0043675931911226	0.001821862348178136	0.0	0.0019999999999999996	0.0
SPB_T33.bam	0.011280701754385964	0.013509803921568628	0.012333333333333332	0.0	0.01670092652445593	0.014155195681511468	0.012333333333333332	0.014333333333333332	0.012333333333333332
SPB_T35.bam	0.0054202247700699665	0.005544063779357896	0.0043675931911226	0.01670092652445593	0.0	0.006189455539300736	0.0043675931911226	0.006367593191122599	0.0043675931911226
SPB_T36.bam	0.002874493927125503	0.0029983329364134327	0.001821862348178136	0.014155195681511468	0.006189455539300736	0.0	0.001821862348178136	0.0038218623481781357	0.001821862348178136
SPB_T41.bam	0.0010526315789473673	0.0011764705882352966	0.0	0.012333333333333332	0.0043675931911226	0.001821862348178136	0.0	0.0019999999999999996	0.0
SPB_T44.bam	0.0030526315789473667	0.0031764705882352962	0.0019999999999999996	0.014333333333333332	0.006367593191122599	0.0038218623481781357	0.0019999999999999996	0.0	0.0019999999999999996
SPB_T45.bam	0.0010526315789473673	0.0011764705882352966	0.0	0.012333333333333332	0.0043675931911226	0.001821862348178136	0.0	0.0019999999999999996	0.0
