	SPB_T21.bam	SPB_T25.bam	SPB_T29.bam	SPB_T30.bam	SPB_T31.bam	SPB_T33.bam	SPB_T35.bam	SPB_T37.bam	SPB_T39.bam	SPB_T41.bam	SPB_T42.bam	SPB_T44.bam
SPB_T21.bam	0.0	0.5670731707317073	0.38414634146341464	0.5670731707317073	0.36585365853658536	0.36585365853658536	0.36585365853658536	0.39634146341463417	0.3170731707317073	0.39634146341463417	0.39634146341463417	0.2682926829268293
SPB_T25.bam	0.5670731707317073	0.0	0.4268292682926829	0.0	0.5182926829268293	0.5182926829268293	0.5182926829268293	0.5487804878048781	0.4695121951219512	0.5487804878048781	0.5487804878048781	0.3597560975609756
SPB_T29.bam	0.38414634146341464	0.4268292682926829	0.0	0.4268292682926829	0.5304878048780488	0.5304878048780488	0.5304878048780488	0.47560975609756095	0.3902439024390244	0.47560975609756095	0.47560975609756095	0.018292682926829267
SPB_T30.bam	0.5670731707317073	0.0	0.4268292682926829	0.0	0.5182926829268293	0.5182926829268293	0.5182926829268293	0.5487804878048781	0.4695121951219512	0.5487804878048781	0.5487804878048781	0.3597560975609756
SPB_T31.bam	0.36585365853658536	0.5182926829268293	0.5304878048780488	0.5182926829268293	0.0	0.0	0.0	0.4451219512195122	0.3170731707317073	0.4451219512195122	0.4451219512195122	0.38414634146341464
SPB_T33.bam	0.36585365853658536	0.5182926829268293	0.5304878048780488	0.5182926829268293	0.0	0.0	0.0	0.4451219512195122	0.3170731707317073	0.4451219512195122	0.4451219512195122	0.38414634146341464
SPB_T35.bam	0.36585365853658536	0.5182926829268293	0.5304878048780488	0.5182926829268293	0.0	0.0	0.0	0.4451219512195122	0.3170731707317073	0.4451219512195122	0.4451219512195122	0.38414634146341464
SPB_T37.bam	0.39634146341463417	0.5487804878048781	0.47560975609756095	0.5487804878048781	0.4451219512195122	0.4451219512195122	0.4451219512195122	0.0	0.0	0.0	0.0	0.35365853658536583
SPB_T39.bam	0.3170731707317073	0.4695121951219512	0.3902439024390244	0.4695121951219512	0.3170731707317073	0.3170731707317073	0.3170731707317073	0.0	0.0	0.0	0.0	0.2682926829268293
SPB_T41.bam	0.39634146341463417	0.5487804878048781	0.47560975609756095	0.5487804878048781	0.4451219512195122	0.4451219512195122	0.4451219512195122	0.0	0.0	0.0	0.0	0.35365853658536583
SPB_T42.bam	0.39634146341463417	0.5487804878048781	0.47560975609756095	0.5487804878048781	0.4451219512195122	0.4451219512195122	0.4451219512195122	0.0	0.0	0.0	0.0	0.35365853658536583
SPB_T44.bam	0.2682926829268293	0.3597560975609756	0.018292682926829267	0.3597560975609756	0.38414634146341464	0.38414634146341464	0.38414634146341464	0.35365853658536583	0.2682926829268293	0.35365853658536583	0.35365853658536583	0.0
