	SPB_T27.bam	SPB_T29.bam	SPB_T31.bam	SPB_T33.bam	SPB_T35.bam	SPB_T36.bam	SPB_T37.bam	SPB_T39.bam	SPB_T41.bam	SPB_T42.bam	SPB_T43.bam	SPB_T45.bam
SPB_T27.bam	0.0	0.2182890855457227	0.28023598820059	0.3333333333333333	0.3805309734513274	0.0	0.28023598820059	0.23303834808259588	0.30973451327433627	0.0029498525073746312	0.02359882005899705	0.017699115044247787
SPB_T29.bam	0.2182890855457227	0.0	0.1415929203539823	0.17994100294985252	0.16519174041297935	0.10324483775811209	0.20648967551622419	0.16519174041297935	0.26548672566371684	0.168141592920354	0.04424778761061947	0.12389380530973451
SPB_T31.bam	0.28023598820059	0.1415929203539823	0.0	0.0029498525073746312	0.22418879056047197	0.21238938053097345	0.20353982300884957	0.1415929203539823	0.2920353982300885	0.25663716814159293	0.13569321533923304	0.22123893805309736
SPB_T33.bam	0.3333333333333333	0.17994100294985252	0.0029498525073746312	0.0	0.27728613569321536	0.25958702064896755	0.23303834808259588	0.13864306784660768	0.3392330383480826	0.3008849557522124	0.18289085545722714	0.25663716814159293
SPB_T35.bam	0.3805309734513274	0.16519174041297935	0.22418879056047197	0.27728613569321536	0.0	0.24778761061946902	0.3185840707964602	0.25958702064896755	0.39823008849557523	0.31563421828908556	0.16224188790560473	0.25958702064896755
SPB_T36.bam	0.0	0.10324483775811209	0.21238938053097345	0.25958702064896755	0.24778761061946902	0.0	0.22418879056047197	0.17404129793510326	0.2536873156342183	0.0	0.0058997050147492625	0.0058997050147492625
SPB_T37.bam	0.28023598820059	0.20648967551622419	0.20353982300884957	0.23303834808259588	0.3185840707964602	0.22418879056047197	0.0	0.0058997050147492625	0.014749262536873156	0.17699115044247787	0.1415929203539823	0.2182890855457227
SPB_T39.bam	0.23303834808259588	0.16519174041297935	0.1415929203539823	0.13864306784660768	0.25958702064896755	0.17404129793510326	0.0058997050147492625	0.0	0.02654867256637168	0.14454277286135694	0.11799410029498525	0.16519174041297935
SPB_T41.bam	0.30973451327433627	0.26548672566371684	0.2920353982300885	0.3392330383480826	0.39823008849557523	0.2536873156342183	0.014749262536873156	0.02654867256637168	0.0	0.2448377581120944	0.17994100294985252	0.2448377581120944
SPB_T42.bam	0.0029498525073746312	0.168141592920354	0.25663716814159293	0.3008849557522124	0.31563421828908556	0.0	0.17699115044247787	0.14454277286135694	0.2448377581120944	0.0	0.017699115044247787	0.008849557522123894
SPB_T43.bam	0.02359882005899705	0.04424778761061947	0.13569321533923304	0.18289085545722714	0.16224188790560473	0.0058997050147492625	0.1415929203539823	0.11799410029498525	0.17994100294985252	0.017699115044247787	0.0	0.008849557522123894
SPB_T45.bam	0.017699115044247787	0.12389380530973451	0.22123893805309736	0.25663716814159293	0.25958702064896755	0.0058997050147492625	0.2182890855457227	0.16519174041297935	0.2448377581120944	0.008849557522123894	0.008849557522123894	0.0
