	SPB_T25.bam	SPB_T35.bam	SPB_T36.bam	SPB_T41.bam	SPB_T42.bam	SPB_T43.bam	SPB_T44.bam	SPB_T45.bam
SPB_T25.bam	0.0	0.004473637691444065	0.0018746554595104532	0.0013829100698058796	0.0022454167908629173	0.0025252331509044708	0.001649051947750373	0.0040679931120317795
SPB_T35.bam	0.004473637691444065	0.0	0.0045866842196356	0.004094938829931026	0.0038002010439898625	0.0047837471718005925	0.004883622583800854	0.006326507132927902
SPB_T36.bam	0.0018746554595104532	0.0045866842196356	0.0	0.001193613438511398	0.0018068913389110432	0.002086707698952597	0.001982297192381226	0.003629467660079906
SPB_T41.bam	0.0013829100698058796	0.004094938829931026	0.001193613438511398	0.0	0.0018667179293498787	0.0021465342893914325	0.0014300831707794487	0.0036892942505187412
SPB_T42.bam	0.0022454167908629173	0.0038002010439898625	0.0018068913389110432	0.0018667179293498787	0.0	0.0009835461278107302	0.0026554016832197064	0.003546714252203345
SPB_T43.bam	0.0025252331509044708	0.0047837471718005925	0.002086707698952597	0.0021465342893914325	0.0009835461278107302	0.0	0.00293521804326126	0.0038265306122448987
SPB_T44.bam	0.001649051947750373	0.004883622583800854	0.001982297192381226	0.0014300831707794487	0.0026554016832197064	0.00293521804326126	0.0	0.004477978004388569
SPB_T45.bam	0.0040679931120317795	0.006326507132927902	0.003629467660079906	0.0036892942505187412	0.003546714252203345	0.0038265306122448987	0.004477978004388569	0.0
