	SPB_T21.bam	SPB_T29.bam	SPB_T30.bam	SPB_T41.bam	SPB_T42.bam	SPB_T44.bam	SPB_T45.bam
SPB_T21.bam	0.0	0.3943288484824086	0.41021440115209695	0.42908914202366266	0.38852485592970243	0.38369035162699255	0.4007597396807954
SPB_T29.bam	0.3943288484824086	0.0	0.2239115028752911	0.286706740339695	0.157008940378616	0.267407871698377	0.24048290403341138
SPB_T30.bam	0.41021440115209695	0.2239115028752911	0.0	0.3771620237545215	0.30529276594545596	0.23042229459417904	0.2574663581648532
SPB_T41.bam	0.42908914202366266	0.286706740339695	0.3771620237545215	0.0	0.27551546747076067	0.3637061588505729	0.2579920980488092
SPB_T42.bam	0.38852485592970243	0.157008940378616	0.30529276594545596	0.27551546747076067	0.0	0.4066826951941338	0.35479347796946137
SPB_T44.bam	0.38369035162699255	0.267407871698377	0.23042229459417904	0.3637061588505729	0.4066826951941338	0.0	0.13426546872677642
SPB_T45.bam	0.4007597396807954	0.24048290403341138	0.2574663581648532	0.2579920980488092	0.35479347796946137	0.13426546872677642	0.0
