	SPB_T21.bam	SPB_T25.bam	SPB_T29.bam	SPB_T30.bam	SPB_T35.bam	SPB_T36.bam	SPB_T37.bam	SPB_T41.bam
SPB_T21.bam	0.0	0.273972602739726	0.2328767123287671	0.4246575342465753	0.410958904109589	0.410958904109589	0.2602739726027397	0.2602739726027397
SPB_T25.bam	0.273972602739726	0.0	0.0136986301369863	0.1780821917808219	0.4246575342465753	0.3835616438356164	0.3150684931506849	0.3150684931506849
SPB_T29.bam	0.2328767123287671	0.0136986301369863	0.0	0.0136986301369863	0.0821917808219178	0.0410958904109589	0.136986301369863	0.1232876712328767
SPB_T30.bam	0.4246575342465753	0.1780821917808219	0.0136986301369863	0.0	0.0684931506849315	0.0684931506849315	0.2191780821917808	0.1780821917808219
SPB_T35.bam	0.410958904109589	0.4246575342465753	0.0821917808219178	0.0684931506849315	0.0	0.0	0.2054794520547945	0.1917808219178082
SPB_T36.bam	0.410958904109589	0.3835616438356164	0.0410958904109589	0.0684931506849315	0.0	0.0	0.2054794520547945	0.1917808219178082
SPB_T37.bam	0.2602739726027397	0.3150684931506849	0.136986301369863	0.2191780821917808	0.2054794520547945	0.2054794520547945	0.0	0.0
SPB_T41.bam	0.2602739726027397	0.3150684931506849	0.1232876712328767	0.1780821917808219	0.1917808219178082	0.1917808219178082	0.0	0.0
