	SPB_T21.bam	SPB_T25.bam	SPB_T29.bam	SPB_T30.bam	SPB_T31.bam	SPB_T35.bam	SPB_T37.bam	SPB_T41.bam	SPB_T42.bam	SPB_T44.bam	SPB_T45.bam
SPB_T21.bam	0.0	0.1311381123799762	0.20666025015040768	0.21614458766243203	0.19394870028921427	0.1632318551056503	0.09998487071300678	0.18122390072721642	0.16251039564462463	0.2197142239956197	0.23507953278002783
SPB_T25.bam	0.1311381123799762	0.0	0.16411111886605714	0.1685711402742705	0.19428962261787974	0.15528248061069072	0.1496584158069898	0.17106470462331738	0.14678521658342933	0.18812645113298201	0.1971635635046691
SPB_T29.bam	0.20666025015040768	0.16411111886605714	0.0	0.145293900697244	0.21868462371021913	0.17724985487583847	0.20584062843235248	0.17650881208749006	0.17434055392896242	0.17119818459959238	0.14511536890261897
SPB_T30.bam	0.21614458766243203	0.1685711402742705	0.145293900697244	0.0	0.21053177415872706	0.13694791621966104	0.2091308125682569	0.20000912150477743	0.18770203016990078	0.12223696089861016	0.12286400113001689
SPB_T31.bam	0.19394870028921427	0.19428962261787974	0.21868462371021913	0.21053177415872706	0.0	0.17576732087420815	0.20299525389473988	0.2231872003351645	0.20712366189886028	0.23031518756222388	0.2461560895309777
SPB_T35.bam	0.1632318551056503	0.15528248061069072	0.17724985487583847	0.13694791621966104	0.17576732087420815	0.0	0.13239154387245802	0.17503490582526454	0.15510617967362939	0.17453320135222639	0.1923397107208708
SPB_T37.bam	0.09998487071300678	0.1496584158069898	0.20584062843235248	0.2091308125682569	0.20299525389473988	0.13239154387245802	0.0	0.14598165204635602	0.1259352600420219	0.21958271819943154	0.23224091983272113
SPB_T41.bam	0.18122390072721642	0.17106470462331738	0.17650881208749006	0.20000912150477743	0.2231872003351645	0.17503490582526454	0.14598165204635602	0.0	0.10644224778194222	0.21243709991075332	0.2100602172622912
SPB_T42.bam	0.16251039564462463	0.14678521658342933	0.17434055392896242	0.18770203016990078	0.20712366189886028	0.15510617967362939	0.1259352600420219	0.10644224778194222	0.0	0.19646425034842263	0.20422734606748738
SPB_T44.bam	0.2197142239956197	0.18812645113298201	0.17119818459959238	0.12223696089861016	0.23031518756222388	0.17453320135222639	0.21958271819943154	0.21243709991075332	0.19646425034842263	0.0	0.13786921676052832
SPB_T45.bam	0.23507953278002783	0.1971635635046691	0.14511536890261897	0.12286400113001689	0.2461560895309777	0.1923397107208708	0.23224091983272113	0.2100602172622912	0.20422734606748738	0.13786921676052832	0.0
