	SPB_T29.bam	SPB_T30.bam	SPB_T35.bam	SPB_T36.bam	SPB_T41.bam	SPB_T42.bam
SPB_T29.bam	0.0	0.013333798315367025	0.00578632064446055	0.019063616291466166	0.6206117655484328	0.34550401231351724
SPB_T30.bam	0.013333798315367025	0.0	0.013403475033066915	0.026632400268090148	0.614897888718352	0.34286010844393244
SPB_T35.bam	0.00578632064446055	0.013403475033066915	0.0	0.017871047842452893	0.6191305054495913	0.34474887118769093
SPB_T36.bam	0.019063616291466166	0.026632400268090148	0.017871047842452893	0.0	0.606048591889705	0.33673617604545747
SPB_T41.bam	0.6206117655484328	0.614897888718352	0.6191305054495913	0.606048591889705	0.0	0.28370398190896523
SPB_T42.bam	0.34550401231351724	0.34286010844393244	0.34474887118769093	0.33673617604545747	0.28370398190896523	0.0
