	SPB_T21.bam	SPB_T25.bam	SPB_T31.bam	SPB_T33.bam	SPB_T35.bam	SPB_T37.bam	SPB_T39.bam	SPB_T41.bam	SPB_T43.bam
SPB_T21.bam	0.0	0.0	0.40816326530612246	0.3673469387755102	0.40816326530612246	0.3877551020408163	0.42857142857142855	0.30612244897959184	0.5306122448979592
SPB_T25.bam	0.0	0.0	0.4489795918367347	0.40816326530612246	0.4489795918367347	0.3877551020408163	0.4489795918367347	0.32653061224489793	0.5714285714285714
SPB_T31.bam	0.40816326530612246	0.4489795918367347	0.0	0.02040816326530612	0.0	0.2653061224489796	0.32653061224489793	0.22448979591836735	0.32653061224489793
SPB_T33.bam	0.3673469387755102	0.40816326530612246	0.02040816326530612	0.0	0.02040816326530612	0.12244897959183673	0.14285714285714285	0.061224489795918366	0.14285714285714285
SPB_T35.bam	0.40816326530612246	0.4489795918367347	0.0	0.02040816326530612	0.0	0.24489795918367346	0.2653061224489796	0.1836734693877551	0.2857142857142857
SPB_T37.bam	0.3877551020408163	0.3877551020408163	0.2653061224489796	0.12244897959183673	0.24489795918367346	0.0	0.0	0.061224489795918366	0.2653061224489796
SPB_T39.bam	0.42857142857142855	0.4489795918367347	0.32653061224489793	0.14285714285714285	0.2653061224489796	0.0	0.0	0.061224489795918366	0.2653061224489796
SPB_T41.bam	0.30612244897959184	0.32653061224489793	0.22448979591836735	0.061224489795918366	0.1836734693877551	0.061224489795918366	0.061224489795918366	0.0	0.20408163265306123
SPB_T43.bam	0.5306122448979592	0.5714285714285714	0.32653061224489793	0.14285714285714285	0.2857142857142857	0.2653061224489796	0.2653061224489796	0.20408163265306123	0.0
