	SPB_T29.bam	SPB_T30.bam	SPB_T35.bam	SPB_T42.bam	SPB_T44.bam	SPB_T45.bam
SPB_T29.bam	0.0	0.16003507065302758	0.29788537900828566	0.33394827877113975	0.1654502808896177	0.0707182617161976
SPB_T30.bam	0.16003507065302758	0.0	0.2457118725500451	0.30360543141885526	0.14682980514151975	0.15291155421460176
SPB_T35.bam	0.29788537900828566	0.2457118725500451	0.0	0.3070479479084883	0.30141059570213213	0.286104209997368
SPB_T42.bam	0.33394827877113975	0.30360543141885526	0.3070479479084883	0.0	0.3064174187276217	0.3340495224487088
SPB_T44.bam	0.1654502808896177	0.14682980514151975	0.30141059570213213	0.3064174187276217	0.0	0.14544942112974768
SPB_T45.bam	0.0707182617161976	0.15291155421460176	0.286104209997368	0.3340495224487088	0.14544942112974768	0.0
