	SPB_T21.bam	SPB_T25.bam	SPB_T29.bam	SPB_T30.bam	SPB_T37.bam	SPB_T42.bam	SPB_T44.bam
SPB_T21.bam	0.0	0.0	0.5391979783470072	0.5368267903593991	0.569331983805668	0.5673076923076923	0.5384615384615384
SPB_T25.bam	0.0	0.0	0.5391979783470072	0.5368267903593991	0.569331983805668	0.5673076923076923	0.5384615384615384
SPB_T29.bam	0.5391979783470072	0.5391979783470072	0.0	0.028264608034463477	0.5805252990423452	0.5785010075443695	0.02579373953098628
SPB_T30.bam	0.5368267903593991	0.5368267903593991	0.028264608034463477	0.0	0.5860918845329601	0.5840675930349843	0.002470868503477199
SPB_T37.bam	0.569331983805668	0.569331983805668	0.5805252990423452	0.5860918845329601	0.0	0.0020242914979757085	0.5885627530364372
SPB_T42.bam	0.5673076923076923	0.5673076923076923	0.5785010075443695	0.5840675930349843	0.0020242914979757085	0.0	0.5865384615384616
SPB_T44.bam	0.5384615384615384	0.5384615384615384	0.02579373953098628	0.002470868503477199	0.5885627530364372	0.5865384615384616	0.0
