	SPB_T21.bam	SPB_T25.bam	SPB_T29.bam	SPB_T30.bam	SPB_T35.bam	SPB_T36.bam	SPB_T37.bam	SPB_T41.bam
SPB_T21.bam	0.0	0.3010100258806953	0.39339069673555926	0.4570349187264663	0.41805584071605206	0.4463968925693342	0.26937505595845646	0.29756442949008366
SPB_T25.bam	0.3010100258806953	0.0	0.19279769249053647	0.2753735807427504	0.4107653196261974	0.41324979390209104	0.3350735320104468	0.3329921846790889
SPB_T29.bam	0.39339069673555926	0.19279769249053647	0.0	0.12223677774985589	0.22370700350244294	0.22858393127045978	0.2992094199630542	0.2809597220672958
SPB_T30.bam	0.4570349187264663	0.2753735807427504	0.12223677774985589	0.0	0.17940241726936998	0.1817591424837279	0.2947232712012813	0.27708691644185096
SPB_T35.bam	0.41805584071605206	0.4107653196261974	0.22370700350244294	0.17940241726936998	0.0	0.04229420012510382	0.21718814641564213	0.20348575723401297
SPB_T36.bam	0.4463968925693342	0.41324979390209104	0.22858393127045978	0.1817591424837279	0.04229420012510382	0.0	0.23982798023893917	0.20697092532730174
SPB_T37.bam	0.26937505595845646	0.3350735320104468	0.2992094199630542	0.2947232712012813	0.21718814641564213	0.23982798023893917	0.0	0.04046740498774088
SPB_T41.bam	0.29756442949008366	0.3329921846790889	0.2809597220672958	0.27708691644185096	0.20348575723401297	0.20697092532730174	0.04046740498774088	0.0
