	SPB_T21.bam	SPB_T25.bam	SPB_T29.bam	SPB_T30.bam	SPB_T31.bam	SPB_T33.bam	SPB_T35.bam	SPB_T36.bam	SPB_T37.bam	SPB_T39.bam	SPB_T41.bam	SPB_T44.bam
SPB_T21.bam	0.0	0.1263537906137184	0.18772563176895307	0.1263537906137184	0.20216606498194944	0.19494584837545126	0.22382671480144403	0.1624548736462094	0.19494584837545126	0.19133574007220217	0.1444043321299639	0.11913357400722022
SPB_T25.bam	0.1263537906137184	0.0	0.1263537906137184	0.04693140794223827	0.09025270758122744	0.07942238267148015	0.09386281588447654	0.04693140794223827	0.09025270758122744	0.09025270758122744	0.02527075812274368	0.05415162454873646
SPB_T29.bam	0.18772563176895307	0.1263537906137184	0.0	0.05415162454873646	0.19494584837545126	0.18772563176895307	0.18411552346570398	0.11552346570397112	0.19494584837545126	0.18411552346570398	0.039711191335740074	0.10830324909747292
SPB_T30.bam	0.1263537906137184	0.04693140794223827	0.05415162454873646	0.0	0.10830324909747292	0.10108303249097472	0.08664259927797834	0.06859205776173286	0.09747292418772563	0.09747292418772563	0.010830324909747292	0.036101083032490974
SPB_T31.bam	0.20216606498194944	0.09025270758122744	0.19494584837545126	0.10830324909747292	0.0	0.0	0.1263537906137184	0.10830324909747292	0.018050541516245487	0.05054151624548736	0.07942238267148015	0.09747292418772563
SPB_T33.bam	0.19494584837545126	0.07942238267148015	0.18772563176895307	0.10108303249097472	0.0	0.0	0.12274368231046931	0.10830324909747292	0.0036101083032490976	0.01444043321299639	0.06859205776173286	0.09025270758122744
SPB_T35.bam	0.22382671480144403	0.09386281588447654	0.18411552346570398	0.08664259927797834	0.1263537906137184	0.12274368231046931	0.0	0.05776173285198556	0.13357400722021662	0.1263537906137184	0.032490974729241874	0.10108303249097472
SPB_T36.bam	0.1624548736462094	0.04693140794223827	0.11552346570397112	0.06859205776173286	0.10830324909747292	0.10830324909747292	0.05776173285198556	0.0	0.10108303249097472	0.10108303249097472	0.032490974729241874	0.07581227436823104
SPB_T37.bam	0.19494584837545126	0.09025270758122744	0.19494584837545126	0.09747292418772563	0.018050541516245487	0.0036101083032490976	0.13357400722021662	0.10108303249097472	0.0	0.0	0.06859205776173286	0.10108303249097472
SPB_T39.bam	0.19133574007220217	0.09025270758122744	0.18411552346570398	0.09747292418772563	0.05054151624548736	0.01444043321299639	0.1263537906137184	0.10108303249097472	0.0	0.0	0.07220216606498195	0.09386281588447654
SPB_T41.bam	0.1444043321299639	0.02527075812274368	0.039711191335740074	0.010830324909747292	0.07942238267148015	0.06859205776173286	0.032490974729241874	0.032490974729241874	0.06859205776173286	0.07220216606498195	0.0	0.04693140794223827
SPB_T44.bam	0.11913357400722022	0.05415162454873646	0.10830324909747292	0.036101083032490974	0.09747292418772563	0.09025270758122744	0.10108303249097472	0.07581227436823104	0.10108303249097472	0.09386281588447654	0.04693140794223827	0.0
