	SPB_T23.bam	SPB_T25.bam	SPB_T27.bam	SPB_T29.bam	SPB_T30.bam	SPB_T33.bam	SPB_T35.bam	SPB_T36.bam	SPB_T39.bam	SPB_T41.bam	SPB_T42.bam	SPB_T43.bam	SPB_T44.bam	SPB_T45.bam
SPB_T23.bam	0.0	0.1015871916887297	0.08048628420589041	0.1315814978700459	0.11262855354766514	0.037267700144394934	0.08431070033885961	0.09049450497433309	0.1423515204529861	0.10730875499886053	0.15358076294655143	0.13098454031082052	0.09321547142478999	0.11395727708299952
SPB_T25.bam	0.1015871916887297	0.0	0.15761235054557743	0.08828763472740486	0.06753320527284261	0.09737161586501052	0.06198852164654177	0.0756979260047244	0.09261541643665784	0.0558329971619093	0.09107961041913679	0.07130441414887152	0.05512904023489755	0.05782450430893542
SPB_T27.bam	0.08048628420589041	0.15761235054557743	0.0	0.19121994563694894	0.16550626706272803	0.07144743671495746	0.12652664150671195	0.12807583259263772	0.2165427269335926	0.1659204830597112	0.225489480019956	0.20001968209254256	0.1494228437884277	0.17922731684795956
SPB_T29.bam	0.1315814978700459	0.08828763472740486	0.19121994563694894	0.0	0.08927087229314096	0.1270405698692223	0.09094811510786406	0.10174264637177818	0.08484432346613531	0.06692273962118347	0.08077082165615111	0.07022153504673731	0.07209693124273886	0.0688314102982329
SPB_T30.bam	0.11262855354766514	0.06753320527284261	0.16550626706272803	0.08927087229314096	0.0	0.10913245325965026	0.07441743105680025	0.0979541506033678	0.08275643073302784	0.059345988474682976	0.08515996166770232	0.0689225203205322	0.059833161668192386	0.05724452204408928
SPB_T33.bam	0.037267700144394934	0.09737161586501052	0.07144743671495746	0.1270405698692223	0.10913245325965026	0.0	0.07720330483360062	0.08097492994729144	0.14815529004629835	0.1037281921534893	0.1561712786922797	0.13415893703576637	0.09133601593766419	0.11245899779448959
SPB_T35.bam	0.08431070033885961	0.06198852164654177	0.12652664150671195	0.09094811510786406	0.07441743105680025	0.07720330483360062	0.0	0.049296559230385735	0.12286084870235511	0.05978334498478683	0.12353665862605022	0.09811256940256298	0.048989350035851406	0.07473240691925487
SPB_T36.bam	0.09049450497433309	0.0756979260047244	0.12807583259263772	0.10174264637177818	0.0979541506033678	0.08097492994729144	0.049296559230385735	0.0	0.14677200063536366	0.07580988423769013	0.14490026146707827	0.11435796467145554	0.07443370074778963	0.09577949504271974
SPB_T39.bam	0.1423515204529861	0.09261541643665784	0.2165427269335926	0.08484432346613531	0.08275643073302784	0.14815529004629835	0.12286084870235511	0.14677200063536366	0.0	0.07934343381615704	0.025755145064348464	0.049973852926223854	0.08712827667094002	0.06169454953624076
SPB_T41.bam	0.10730875499886053	0.0558329971619093	0.1659204830597112	0.06692273962118347	0.059345988474682976	0.1037281921534893	0.05978334498478683	0.07580988423769013	0.07934343381615704	0.0	0.07411669489571633	0.051268809527466964	0.03712942290667507	0.028575844301346392
SPB_T42.bam	0.15358076294655143	0.09107961041913679	0.225489480019956	0.08077082165615111	0.08515996166770232	0.1561712786922797	0.12353665862605022	0.14490026146707827	0.025755145064348464	0.07411669489571633	0.0	0.04003637245603293	0.08730938039350566	0.05561941501435777
SPB_T43.bam	0.13098454031082052	0.07130441414887152	0.20001968209254256	0.07022153504673731	0.0689225203205322	0.13415893703576637	0.09811256940256298	0.11435796467145554	0.049973852926223854	0.051268809527466964	0.04003637245603293	0.0	0.06913793165571273	0.03686826444127904
SPB_T44.bam	0.09321547142478999	0.05512904023489755	0.1494228437884277	0.07209693124273886	0.059833161668192386	0.09133601593766419	0.048989350035851406	0.07443370074778963	0.08712827667094002	0.03712942290667507	0.08730938039350566	0.06913793165571273	0.0	0.045031958767770594
SPB_T45.bam	0.11395727708299952	0.05782450430893542	0.17922731684795956	0.0688314102982329	0.05724452204408928	0.11245899779448959	0.07473240691925487	0.09577949504271974	0.06169454953624076	0.028575844301346392	0.05561941501435777	0.03686826444127904	0.045031958767770594	0.0
