	SPB_T21.bam	SPB_T25.bam	SPB_T29.bam	SPB_T30.bam	SPB_T31.bam	SPB_T33.bam	SPB_T35.bam	SPB_T36.bam	SPB_T37.bam	SPB_T39.bam	SPB_T41.bam	SPB_T44.bam
SPB_T21.bam	0.0	0.18733580922867418	0.26451392291579834	0.2412186819619442	0.20791752398907154	0.20409915481866137	0.22774695954505736	0.22969667587372183	0.20429230953208213	0.20388000148820015	0.24629248442246565	0.19503848985139927
SPB_T25.bam	0.18733580922867418	0.0	0.25097550843234906	0.19610978633199153	0.1758653726440174	0.17433688092840235	0.1554882747147147	0.16157723178497396	0.16460006329657398	0.1713122730185515	0.16688446240778393	0.17483586729911854
SPB_T29.bam	0.26451392291579834	0.25097550843234906	0.0	0.16674746099501675	0.2607020899878948	0.2586393264814794	0.2510810608265012	0.23608373866353022	0.26190820118994484	0.2567798558197952	0.17206771102131566	0.2322771573685612
SPB_T30.bam	0.2412186819619442	0.19610978633199153	0.16674746099501675	0.0	0.21744750485245162	0.2150464409055081	0.1950953899421879	0.21990498898837643	0.21656265596229313	0.21550571729871915	0.14326702786255513	0.1997228160280656
SPB_T31.bam	0.20791752398907154	0.1758653726440174	0.2607020899878948	0.21744750485245162	0.0	0.011744125707613502	0.13438337232186987	0.17490921648517904	0.057885380255303626	0.04374345200827943	0.17531209388030702	0.17919088342739672
SPB_T33.bam	0.20409915481866137	0.17433688092840235	0.2586393264814794	0.2150464409055081	0.011744125707613502	0.0	0.13463392039762262	0.16943371674372767	0.051314328334691225	0.03558859641484008	0.17170417331500618	0.17626584921782346
SPB_T35.bam	0.22774695954505736	0.1554882747147147	0.2510810608265012	0.1950953899421879	0.13438337232186987	0.13463392039762262	0.0	0.1275371515283284	0.13849451274842717	0.13684389821915802	0.13831134184540841	0.17734280837339378
SPB_T36.bam	0.22969667587372183	0.16157723178497396	0.23608373866353022	0.21990498898837643	0.17490921648517904	0.16943371674372767	0.1275371515283284	0.0	0.16693818336246247	0.1704326683071222	0.15790528499870662	0.19225822508621584
SPB_T37.bam	0.20429230953208213	0.16460006329657398	0.26190820118994484	0.21656265596229313	0.057885380255303626	0.051314328334691225	0.13849451274842717	0.16693818336246247	0.0	0.027383155172561336	0.1681910595185413	0.17984818580274253
SPB_T39.bam	0.20388000148820015	0.1713122730185515	0.2567798558197952	0.21550571729871915	0.04374345200827943	0.03558859641484008	0.13684389821915802	0.1704326683071222	0.027383155172561336	0.0	0.17185750057316998	0.17976058032095185
SPB_T41.bam	0.24629248442246565	0.16688446240778393	0.17206771102131566	0.14326702786255513	0.17531209388030702	0.17170417331500618	0.13831134184540841	0.15790528499870662	0.1681910595185413	0.17185750057316998	0.0	0.1861940356314126
SPB_T44.bam	0.19503848985139927	0.17483586729911854	0.2322771573685612	0.1997228160280656	0.17919088342739672	0.17626584921782346	0.17734280837339378	0.19225822508621584	0.17984818580274253	0.17976058032095185	0.1861940356314126	0.0
