	SPB_T27.bam	SPB_T31.bam	SPB_T35.bam	SPB_T37.bam	SPB_T39.bam	SPB_T41.bam	SPB_T42.bam	SPB_T43.bam
SPB_T27.bam	0.0	0.14974822259730958	0.018653033325428597	0.141368479650862	0.13611507438995415	0.017980123468845272	0.10556192941799818	0.5205980783746627
SPB_T31.bam	0.14974822259730958	0.0	0.14129927090453406	0.021327371405668608	0.024295136659704914	0.1354786742676109	0.12306857869425	0.6125231717202716
SPB_T35.bam	0.018653033325428597	0.14129927090453406	0.0	0.13291952795808645	0.12766612269717859	0.025698677739494066	0.09083354287435921	0.5216258797891451
SPB_T37.bam	0.141368479650862	0.021327371405668608	0.13291952795808645	0.0	0.02160155325988891	0.12652405348270396	0.11591326555976102	0.609990795042736
SPB_T39.bam	0.13611507438995415	0.024295136659704914	0.12766612269717859	0.02160155325988891	0.0	0.12184552606025544	0.10450204926691173	0.603651928274821
SPB_T41.bam	0.017980123468845272	0.1354786742676109	0.025698677739494066	0.12652405348270396	0.12184552606025544	0.0	0.09129238108829946	0.5295079070589274
SPB_T42.bam	0.10556192941799818	0.12306857869425	0.09083354287435921	0.11591326555976102	0.10450204926691173	0.09129238108829946	0.0	0.5373408904021149
SPB_T43.bam	0.5205980783746627	0.6125231717202716	0.5216258797891451	0.609990795042736	0.603651928274821	0.5295079070589274	0.5373408904021149	0.0
