	SPB_T21.bam	SPB_T23.bam	SPB_T25.bam	SPB_T29.bam	SPB_T31.bam	SPB_T35.bam	SPB_T37.bam	SPB_T39.bam	SPB_T41.bam	SPB_T42.bam	SPB_T43.bam	SPB_T45.bam
SPB_T21.bam	0.0	0.31928516752602193	0.548898980796677	0.5514710751613459	0.5119029390491511	0.5042018510221921	0.536061549447602	0.5294624617662936	0.5361465421590542	0.536417075158826	0.5471436429642814	0.554610210565731
SPB_T23.bam	0.31928516752602193	0.0	0.21576340802551244	0.21715634783971738	0.48873751120912906	0.4810283274404023	0.5106844166303827	0.48766193128117813	0.5107404787767863	0.5045543298707855	0.21496441748561543	0.2173537018397019
SPB_T25.bam	0.548898980796677	0.21576340802551244	0.0	0.00796352791114423	0.5172757576511932	0.5133300993175826	0.4988179629941759	0.48200200211847766	0.49900081287095527	0.4910882568648714	0.009379271965885755	0.007930133361369156
SPB_T29.bam	0.5514710751613459	0.21715634783971738	0.00796352791114423	0.0	0.518486946871534	0.5144932307549724	0.49949013992356855	0.48207760453537085	0.4996151164811207	0.491770239939707	0.003695733588881802	0.0032636816572050617
SPB_T31.bam	0.5119029390491511	0.48873751120912906	0.5172757576511932	0.518486946871534	0.0	0.0030418873126835328	0.44757412404242747	0.443419454367263	0.44744505969149406	0.44062720922308696	0.5235062950616305	0.516583580026965
SPB_T35.bam	0.5042018510221921	0.4810283274404023	0.5133300993175826	0.5144932307549724	0.0030418873126835328	0.0	0.4318891869522532	0.42680439866140213	0.4317695207444777	0.4236686127286731	0.5195735597786917	0.51268589640045
SPB_T37.bam	0.536061549447602	0.5106844166303827	0.4988179629941759	0.49949013992356855	0.44757412404242747	0.4318891869522532	0.0	0.0013592560370003373	0.001280501423921045	0.002276799132681974	0.4993919554477963	0.5015634091564498
SPB_T39.bam	0.5294624617662936	0.48766193128117813	0.48200200211847766	0.48207760453537085	0.443419454367263	0.42680439866140213	0.0013592560370003373	0.0	0.001510844928634199	0.0017598614537390046	0.4812978764428326	0.48474749981411935
SPB_T41.bam	0.5361465421590542	0.5107404787767863	0.49900081287095527	0.4996151164811207	0.44744505969149406	0.4317695207444777	0.001280501423921045	0.001510844928634199	0.0	0.002256905002494027	0.49957682154615757	0.5017013061389383
SPB_T42.bam	0.536417075158826	0.5045543298707855	0.4910882568648714	0.491770239939707	0.44062720922308696	0.4236686127286731	0.002276799132681974	0.0017598614537390046	0.002256905002494027	0.0	0.4907683328399441	0.4942166047001652
SPB_T43.bam	0.5471436429642814	0.21496441748561543	0.009379271965885755	0.003695733588881802	0.5235062950616305	0.5195735597786917	0.4993919554477963	0.4812978764428326	0.49957682154615757	0.4907683328399441	0.0	0.004626889685314049
SPB_T45.bam	0.554610210565731	0.2173537018397019	0.007930133361369156	0.0032636816572050617	0.516583580026965	0.51268589640045	0.5015634091564498	0.48474749981411935	0.5017013061389383	0.4942166047001652	0.004626889685314049	0.0
