	SPB_T27.bam	SPB_T29.bam	SPB_T31.bam	SPB_T33.bam	SPB_T39.bam	SPB_T42.bam	SPB_T44.bam	SPB_T45.bam
SPB_T27.bam	0.0	0.0	0.5561253561253561	0.5555555555555556	0.45989606925847776	0.0029439696106362745	0.0	0.002469135802469137
SPB_T29.bam	0.0	0.0	0.5561253561253561	0.5555555555555556	0.45989606925847776	0.0029439696106362745	0.0	0.002469135802469137
SPB_T31.bam	0.5561253561253561	0.5561253561253561	0.0	0.0005698005698005678	0.6399180951628566	0.555650522317189	0.5561253561253561	0.553656220322887
SPB_T33.bam	0.5555555555555556	0.5555555555555556	0.0005698005698005678	0.0	0.6393482945930561	0.5550807217473884	0.5555555555555556	0.5530864197530865
SPB_T39.bam	0.45989606925847776	0.45989606925847776	0.6399180951628566	0.6393482945930561	0.0	0.45942123545031066	0.45989606925847776	0.45742693345600866
SPB_T42.bam	0.0029439696106362745	0.0029439696106362745	0.555650522317189	0.5550807217473884	0.45942123545031066	0.0	0.0029439696106362745	0.0054131054131054115
SPB_T44.bam	0.0	0.0	0.5561253561253561	0.5555555555555556	0.45989606925847776	0.0029439696106362745	0.0	0.002469135802469137
SPB_T45.bam	0.002469135802469137	0.002469135802469137	0.553656220322887	0.5530864197530865	0.45742693345600866	0.0054131054131054115	0.002469135802469137	0.0
