	SPB_T27.bam	SPB_T29.bam	SPB_T31.bam	SPB_T33.bam	SPB_T35.bam	SPB_T36.bam	SPB_T37.bam	SPB_T39.bam	SPB_T41.bam	SPB_T42.bam	SPB_T43.bam	SPB_T45.bam
SPB_T27.bam	0.0	0.27089341700495695	0.37053037412610357	0.35784428947602154	0.3533896134284491	0.11828176612548386	0.33133776112891666	0.3241327247626134	0.30943974667441354	0.08484159782589135	0.14808144051977856	0.08886506916893247
SPB_T29.bam	0.27089341700495695	0.0	0.29048045941043626	0.2872174998746165	0.23295955997746995	0.23714513130342993	0.3268968711292406	0.3097904515957921	0.3451073681806211	0.26964446802181763	0.1898686146257652	0.22439769836620804
SPB_T31.bam	0.37053037412610357	0.29048045941043626	0.0	0.07271964377250471	0.3181492747080625	0.28182130842442665	0.2950078561573705	0.24861572279847216	0.3704415243946983	0.3696903900238359	0.3321777754704559	0.3616216962236866
SPB_T33.bam	0.35784428947602154	0.2872174998746165	0.07271964377250471	0.0	0.31755327454949245	0.30744992907204594	0.2963720222017562	0.23337202102080146	0.36495903301117677	0.3574898728040895	0.33045926892236266	0.3548256094816639
SPB_T35.bam	0.3533896134284491	0.23295955997746995	0.3181492747080625	0.31755327454949245	0.0	0.3102982859788677	0.3609897538142343	0.34762987012378177	0.3886249690615065	0.34707099540343306	0.2787130254517823	0.3093863446829747
SPB_T36.bam	0.11828176612548386	0.23714513130342993	0.28182130842442665	0.30744992907204594	0.3102982859788677	0.0	0.31884840228524375	0.3067434371753324	0.3285275945163228	0.13812156215477117	0.13121735891195116	0.1318714082461825
SPB_T37.bam	0.33133776112891666	0.3268968711292406	0.2950078561573705	0.2963720222017562	0.3609897538142343	0.31884840228524375	0.0	0.09550147285199108	0.07476308115690833	0.24763036313877146	0.30823491447902535	0.32327416592079095
SPB_T39.bam	0.3241327247626134	0.3097904515957921	0.24861572279847216	0.23337202102080146	0.34762987012378177	0.3067434371753324	0.09550147285199108	0.0	0.1325231336014611	0.24328641274705015	0.3012056015801764	0.3153428471772376
SPB_T41.bam	0.30943974667441354	0.3451073681806211	0.3704415243946983	0.36495903301117677	0.3886249690615065	0.3285275945163228	0.07476308115690833	0.1325231336014611	0.0	0.22692330155934362	0.3188486084440616	0.31349243460800147
SPB_T42.bam	0.08484159782589135	0.26964446802181763	0.3696903900238359	0.3574898728040895	0.34707099540343306	0.13812156215477117	0.24763036313877146	0.24328641274705015	0.22692330155934362	0.0	0.1583476374351774	0.1260276514955765
SPB_T43.bam	0.14808144051977856	0.1898686146257652	0.3321777754704559	0.33045926892236266	0.2787130254517823	0.13121735891195116	0.30823491447902535	0.3012056015801764	0.3188486084440616	0.1583476374351774	0.0	0.14273509418969776
SPB_T45.bam	0.08886506916893247	0.22439769836620804	0.3616216962236866	0.3548256094816639	0.3093863446829747	0.1318714082461825	0.32327416592079095	0.3153428471772376	0.31349243460800147	0.1260276514955765	0.14273509418969776	0.0
