	SPB_T23.bam	SPB_T25.bam	SPB_T27.bam	SPB_T29.bam	SPB_T30.bam	SPB_T33.bam	SPB_T35.bam	SPB_T36.bam	SPB_T37.bam	SPB_T41.bam	SPB_T42.bam	SPB_T43.bam	SPB_T45.bam
SPB_T23.bam	0.0	0.038688993033028966	0.1420087609846646	0.3730140779663702	0.07302493131508676	0.537723047193917	0.5359819951569378	0.5383142073676054	0.533784517281081	0.5363250829673456	0.5365752785007608	0.047213311206871354	0.05695746847733959
SPB_T25.bam	0.038688993033028966	0.0	0.13841038294733632	0.3658793776668569	0.07284410088469177	0.5337640316144492	0.5320130255830332	0.5324452105921667	0.5300284073078154	0.5319417908523899	0.5318339107224487	0.043661225618819334	0.04501926434183783
SPB_T27.bam	0.1420087609846646	0.13841038294733632	0.0	0.34243886569732696	0.17802046111631606	0.48169972911036796	0.4797648370529872	0.4833757262155321	0.47939658469409624	0.47943568315341756	0.48038725186001907	0.13083003419687628	0.10542100666966403
SPB_T29.bam	0.3730140779663702	0.3658793776668569	0.34243886569732696	0.0	0.35943938451181806	0.5006998382888138	0.49856207326107016	0.4880511717899482	0.5000690644431507	0.4988767322663637	0.49916975614860537	0.3618141854032577	0.3622632061925052
SPB_T30.bam	0.07302493131508676	0.07284410088469177	0.17802046111631606	0.35943938451181806	0.0	0.5345343887031324	0.5326345116011602	0.5309720203497027	0.5306066301926411	0.5322417696770444	0.5325912423883652	0.0787551414853609	0.07943002307529096
SPB_T33.bam	0.537723047193917	0.5337640316144492	0.48169972911036796	0.5006998382888138	0.5345343887031324	0.0	0.00298736316461994	0.007440521260507087	0.0025922068181971117	0.003432346653671495	0.0032734047851145564	0.5357093488038356	0.541243435912594
SPB_T35.bam	0.5359819951569378	0.5320130255830332	0.4797648370529872	0.49856207326107016	0.5326345116011602	0.00298736316461994	0.0	0.006655149131434873	0.0019114073168168405	0.002612183077383451	0.002444009995690337	0.5337980515674394	0.5395633585515167
SPB_T36.bam	0.5383142073676054	0.5324452105921667	0.4833757262155321	0.4880511717899482	0.5309720203497027	0.007440521260507087	0.006655149131434873	0.0	0.005662787066074174	0.007105430042975138	0.00624612190658691	0.5347149907595171	0.540458001335566
SPB_T37.bam	0.533784517281081	0.5300284073078154	0.47939658469409624	0.5000690644431507	0.5306066301926411	0.0025922068181971117	0.0019114073168168405	0.005662787066074174	0.0	0.002454169943448123	0.0023478131514496686	0.5313652307205082	0.5373953230172326
SPB_T41.bam	0.5363250829673456	0.5319417908523899	0.47943568315341756	0.4988767322663637	0.5322417696770444	0.003432346653671495	0.002612183077383451	0.007105430042975138	0.002454169943448123	0.0	0.002756040060578374	0.5335992651375369	0.5390942349837595
SPB_T42.bam	0.5365752785007608	0.5318339107224487	0.48038725186001907	0.49916975614860537	0.5325912423883652	0.0032734047851145564	0.002444009995690337	0.00624612190658691	0.0023478131514496686	0.002756040060578374	0.0	0.5342242671791417	0.5401880181604641
SPB_T43.bam	0.047213311206871354	0.043661225618819334	0.13083003419687628	0.3618141854032577	0.0787551414853609	0.5357093488038356	0.5337980515674394	0.5347149907595171	0.5313652307205082	0.5335992651375369	0.5342242671791417	0.0	0.051362789982805745
SPB_T45.bam	0.05695746847733959	0.04501926434183783	0.10542100666966403	0.3622632061925052	0.07943002307529096	0.541243435912594	0.5395633585515167	0.540458001335566	0.5373953230172326	0.5390942349837595	0.5401880181604641	0.051362789982805745	0.0
