	SPB_T21.bam	SPB_T29.bam	SPB_T30.bam	SPB_T41.bam	SPB_T42.bam	SPB_T44.bam	SPB_T45.bam
SPB_T21.bam	0.0	0.2356687898089172	0.3375796178343949	0.43312101910828027	0.31210191082802546	0.3503184713375796	0.3057324840764331
SPB_T29.bam	0.2356687898089172	0.0	0.025477707006369428	0.12101910828025478	0.006369426751592357	0.12101910828025478	0.044585987261146494
SPB_T30.bam	0.3375796178343949	0.025477707006369428	0.0	0.2611464968152866	0.09554140127388536	0.1337579617834395	0.10191082802547771
SPB_T41.bam	0.43312101910828027	0.12101910828025478	0.2611464968152866	0.0	0.1464968152866242	0.35668789808917195	0.12738853503184713
SPB_T42.bam	0.31210191082802546	0.006369426751592357	0.09554140127388536	0.1464968152866242	0.0	0.3375796178343949	0.267515923566879
SPB_T44.bam	0.3503184713375796	0.12101910828025478	0.1337579617834395	0.35668789808917195	0.3375796178343949	0.0	0.012738853503184714
SPB_T45.bam	0.3057324840764331	0.044585987261146494	0.10191082802547771	0.12738853503184713	0.267515923566879	0.012738853503184714	0.0
