	SPB_T29.bam	SPB_T30.bam	SPB_T35.bam	SPB_T42.bam	SPB_T44.bam	SPB_T45.bam
SPB_T29.bam	0.0	0.028409090909090908	0.26704545454545453	0.2727272727272727	0.03409090909090909	0.0
SPB_T30.bam	0.028409090909090908	0.0	0.13068181818181818	0.17613636363636365	0.011363636363636364	0.017045454545454544
SPB_T35.bam	0.26704545454545453	0.13068181818181818	0.0	0.24431818181818182	0.19318181818181818	0.2727272727272727
SPB_T42.bam	0.2727272727272727	0.17613636363636365	0.24431818181818182	0.0	0.19886363636363635	0.26704545454545453
SPB_T44.bam	0.03409090909090909	0.011363636363636364	0.19318181818181818	0.19886363636363635	0.0	0.017045454545454544
SPB_T45.bam	0.0	0.017045454545454544	0.2727272727272727	0.26704545454545453	0.017045454545454544	0.0
