	SPB_T27.bam	SPB_T31.bam	SPB_T35.bam	SPB_T37.bam	SPB_T39.bam	SPB_T41.bam	SPB_T42.bam	SPB_T43.bam
SPB_T27.bam	0.0	0.08163265306122448	0.0	0.08163265306122448	0.061224489795918366	0.0	0.08163265306122448	0.46938775510204084
SPB_T31.bam	0.08163265306122448	0.0	0.08163265306122448	0.0	0.0	0.061224489795918366	0.061224489795918366	0.5102040816326531
SPB_T35.bam	0.0	0.08163265306122448	0.0	0.08163265306122448	0.061224489795918366	0.0	0.08163265306122448	0.46938775510204084
SPB_T37.bam	0.08163265306122448	0.0	0.08163265306122448	0.0	0.0	0.061224489795918366	0.08163265306122448	0.5102040816326531
SPB_T39.bam	0.061224489795918366	0.0	0.061224489795918366	0.0	0.0	0.04081632653061224	0.04081632653061224	0.4897959183673469
SPB_T41.bam	0.0	0.061224489795918366	0.0	0.061224489795918366	0.04081632653061224	0.0	0.061224489795918366	0.46938775510204084
SPB_T42.bam	0.08163265306122448	0.061224489795918366	0.08163265306122448	0.08163265306122448	0.04081632653061224	0.061224489795918366	0.0	0.46938775510204084
SPB_T43.bam	0.46938775510204084	0.5102040816326531	0.46938775510204084	0.5102040816326531	0.4897959183673469	0.46938775510204084	0.46938775510204084	0.0
