	SPB_T21.bam	SPB_T29.bam	SPB_T37.bam	SPB_T42.bam	SPB_T43.bam	SPB_T44.bam
SPB_T21.bam	0.0	0.5534101174345076	0.5784101174345077	0.5549726174345077	0.5534101174345076	0.5534101174345076
SPB_T29.bam	0.5534101174345076	0.0	0.125	0.0015625	0.0	0.0
SPB_T37.bam	0.5784101174345077	0.125	0.0	0.1265625	0.125	0.125
SPB_T42.bam	0.5549726174345077	0.0015625	0.1265625	0.0	0.0015625	0.0015625
SPB_T43.bam	0.5534101174345076	0.0	0.125	0.0015625	0.0	0.0
SPB_T44.bam	0.5534101174345076	0.0	0.125	0.0015625	0.0	0.0
