	SPB_T21.bam	SPB_T25.bam	SPB_T31.bam	SPB_T33.bam	SPB_T35.bam	SPB_T37.bam	SPB_T39.bam	SPB_T41.bam	SPB_T43.bam
SPB_T21.bam	0.0	0.051232870244685494	0.4475577453013794	0.4797912732928845	0.47947781124472855	0.454376400384014	0.46476106540553375	0.40832339876378543	0.5833170171516036
SPB_T25.bam	0.051232870244685494	0.0	0.44723315045476514	0.4794666784462703	0.4791532163981143	0.4459277866990952	0.4496797986593905	0.3962466671650345	0.5809784588248605
SPB_T31.bam	0.4475577453013794	0.44723315045476514	0.0	0.100866413037764	0.07094386367490844	0.2996159135361898	0.29484022870348225	0.2668600955912963	0.3550648365402249
SPB_T33.bam	0.4797912732928845	0.4794666784462703	0.100866413037764	0.0	0.11028636895983836	0.20207704293838746	0.203564122951878	0.20364924191454803	0.27870205042600316
SPB_T35.bam	0.47947781124472855	0.4791532163981143	0.07094386367490844	0.11028636895983836	0.0	0.3011904578681289	0.2943684999807448	0.276037681139722	0.32631503834511355
SPB_T37.bam	0.454376400384014	0.4459277866990952	0.2996159135361898	0.20207704293838746	0.3011904578681289	0.0	0.06147795948216117	0.11506250685422353	0.34957934073606656
SPB_T39.bam	0.46476106540553375	0.4496797986593905	0.29484022870348225	0.203564122951878	0.2943684999807448	0.06147795948216117	0.0	0.13963072075316973	0.3251762111858782
SPB_T41.bam	0.40832339876378543	0.3962466671650345	0.2668600955912963	0.20364924191454803	0.276037681139722	0.11506250685422353	0.13963072075316973	0.0	0.3205107519285822
SPB_T43.bam	0.5833170171516036	0.5809784588248605	0.3550648365402249	0.27870205042600316	0.32631503834511355	0.34957934073606656	0.3251762111858782	0.3205107519285822	0.0
