	SPB_T27.bam	SPB_T31.bam	SPB_T37.bam	SPB_T39.bam	SPB_T43.bam	SPB_T45.bam
SPB_T27.bam	0.0	0.5979090050961658	0.5979090050961658	0.4600526785667305	0.4285424926326816	0.528286670827367
SPB_T31.bam	0.5979090050961658	0.0	0.0007482229704451944	0.1878050665749637	0.3449794283764137	0.3767990800819083
SPB_T37.bam	0.5979090050961658	0.0007482229704451944	0.0	0.1878050665749637	0.3449794283764137	0.37754730305235357
SPB_T39.bam	0.4600526785667305	0.1878050665749637	0.1878050665749637	0.0	0.17990104571547907	0.33529440003311856
SPB_T43.bam	0.4285424926326816	0.3449794283764137	0.3449794283764137	0.17990104571547907	0.0	0.20416728741912857
SPB_T45.bam	0.528286670827367	0.3767990800819083	0.37754730305235357	0.33529440003311856	0.20416728741912857	0.0
