	FAT_020-22-0-0.bam	FAT_020-22-14-0.bam	FAT_020-22-2-0.bam	FAT_020-22-42-0.bam	FAT_020-22-84-0.bam	FAT_DON_19-22-0-0.bam
FAT_020-22-0-0.bam	0.0	0.3457122996295361	0.43134854328266536	0.07608600868088246	0.12319565052004881	0.45401620597543224
FAT_020-22-14-0.bam	0.3457122996295361	0.0	0.13712464892972123	0.37198391288326654	0.4403356041432769	0.1526491804540442
FAT_020-22-2-0.bam	0.43134854328266536	0.13712464892972123	0.0	0.4016458194589221	0.4237183118581208	0.023167835655683523
FAT_020-22-42-0.bam	0.07608600868088246	0.37198391288326654	0.4016458194589221	0.0	0.08324542261194995	0.4222967671424438
FAT_020-22-84-0.bam	0.12319565052004881	0.4403356041432769	0.4237183118581208	0.08324542261194995	0.0	0.4419305878956853
FAT_DON_19-22-0-0.bam	0.45401620597543224	0.1526491804540442	0.023167835655683523	0.4222967671424438	0.4419305878956853	0.0
