	FAT_012-22-0-0.bam	FAT_012-22-14-0.bam	FAT_012-22-2-0.bam	FAT_012-22-42-0.bam	FAT_012-22-84-0.bam	FAT_DON_8-22-0-0.bam
FAT_012-22-0-0.bam	0.0	0.01862149881666917	0.030046317160415358	0.1928917121822049	0.20932428860704141	0.21474551858877752
FAT_012-22-14-0.bam	0.01862149881666917	0.0	0.03939062809618191	0.2031439582420978	0.2173355140710606	0.22467360510943143
FAT_012-22-2-0.bam	0.030046317160415358	0.03939062809618191	0.0	0.1888578599893761	0.20318485537674302	0.18912753277480746
FAT_012-22-42-0.bam	0.1928917121822049	0.2031439582420978	0.1888578599893761	0.0	0.20522222789250655	0.19953726327565338
FAT_012-22-84-0.bam	0.20932428860704141	0.2173355140710606	0.20318485537674302	0.20522222789250655	0.0	0.2342039072762553
FAT_DON_8-22-0-0.bam	0.21474551858877752	0.22467360510943143	0.18912753277480746	0.19953726327565338	0.2342039072762553	0.0
