	FAT_012-22-0-0.bam	FAT_012-22-14-0.bam	FAT_012-22-2-0.bam	FAT_012-22-42-0.bam	FAT_012-22-84-0.bam	FAT_DON_8-22-0-0.bam
FAT_012-22-0-0.bam	0.0	0.057046444553495654	0.05041248114324111	0.30085126497266845	0.20682717844519477	0.2706167145204993
FAT_012-22-14-0.bam	0.057046444553495654	0.0	0.056844395028866485	0.2956689799573392	0.21796390007388008	0.27423621876246695
FAT_012-22-2-0.bam	0.05041248114324111	0.056844395028866485	0.0	0.2873799175210264	0.19553239647124987	0.25437934547392027
FAT_012-22-42-0.bam	0.30085126497266845	0.2956689799573392	0.2873799175210264	0.0	0.33629670058919986	0.3436313475895229
FAT_012-22-84-0.bam	0.20682717844519477	0.21796390007388008	0.19553239647124987	0.33629670058919986	0.0	0.12063005733143045
FAT_DON_8-22-0-0.bam	0.2706167145204993	0.27423621876246695	0.25437934547392027	0.3436313475895229	0.12063005733143045	0.0
