	FAT_012-22-0-0.bam	FAT_012-22-14-0.bam	FAT_012-22-2-0.bam	FAT_012-22-42-0.bam	FAT_012-22-84-0.bam	FAT_DON_8-22-0-0.bam
FAT_012-22-0-0.bam	0.0	0.0	0.0	0.265625	0.1328125	0.2109375
FAT_012-22-14-0.bam	0.0	0.0	0.0	0.2265625	0.1328125	0.1875
FAT_012-22-2-0.bam	0.0	0.0	0.0	0.21875	0.1171875	0.171875
FAT_012-22-42-0.bam	0.265625	0.2265625	0.21875	0.0	0.2734375	0.234375
FAT_012-22-84-0.bam	0.1328125	0.1328125	0.1171875	0.2734375	0.0	0.03125
FAT_DON_8-22-0-0.bam	0.2109375	0.1875	0.171875	0.234375	0.03125	0.0
