	FAT_012-22-0-0.bam	FAT_012-22-14-0.bam	FAT_012-22-2-0.bam	FAT_012-22-42-0.bam	FAT_012-22-84-0.bam	FAT_DON_8-22-0-0.bam
FAT_012-22-0-0.bam	0.0	0.0	0.0	0.4642857142857143	0.03571428571428571	0.42857142857142855
FAT_012-22-14-0.bam	0.0	0.0	0.0	0.4642857142857143	0.03571428571428571	0.42857142857142855
FAT_012-22-2-0.bam	0.0	0.0	0.0	0.42857142857142855	0.03571428571428571	0.42857142857142855
FAT_012-22-42-0.bam	0.4642857142857143	0.4642857142857143	0.42857142857142855	0.0	0.32142857142857145	0.4642857142857143
FAT_012-22-84-0.bam	0.03571428571428571	0.03571428571428571	0.03571428571428571	0.32142857142857145	0.0	0.21428571428571427
FAT_DON_8-22-0-0.bam	0.42857142857142855	0.42857142857142855	0.42857142857142855	0.4642857142857143	0.21428571428571427	0.0
