	FAT_012-22-0-0.bam	FAT_012-22-14-0.bam	FAT_012-22-2-0.bam	FAT_012-22-42-0.bam	FAT_012-22-84-0.bam	FAT_DON_8-22-0-0.bam
FAT_012-22-0-0.bam	0.0	0.2937146198884928	0.03046337675808163	0.2944958257792674	0.26404831852034955	0.2642656448668437
FAT_012-22-14-0.bam	0.2937146198884928	0.0	0.29988165057363037	0.27617364814474543	0.2536553388117902	0.30044775385848604
FAT_012-22-2-0.bam	0.03046337675808163	0.29988165057363037	0.0	0.29532924345414563	0.2706748732585942	0.26699782120373144
FAT_012-22-42-0.bam	0.2944958257792674	0.27617364814474543	0.29532924345414563	0.0	0.2621403347111279	0.28336512663013286
FAT_012-22-84-0.bam	0.26404831852034955	0.2536553388117902	0.2706748732585942	0.2621403347111279	0.0	0.06777663932588589
FAT_DON_8-22-0-0.bam	0.2642656448668437	0.30044775385848604	0.26699782120373144	0.28336512663013286	0.06777663932588589	0.0
