	FAT_012-22-0-0.bam	FAT_012-22-14-0.bam	FAT_012-22-2-0.bam	FAT_012-22-42-0.bam	FAT_012-22-84-0.bam	FAT_DON_8-22-0-0.bam
FAT_012-22-0-0.bam	0.0	0.06178266178266178	0.027977478870336008	0.4661835188620903	0.1542723149866007	0.43407029478458053
FAT_012-22-14-0.bam	0.06178266178266178	0.0	0.06033321836893265	0.5018169330669331	0.19815145172288032	0.4700129235843522
FAT_012-22-2-0.bam	0.027977478870336008	0.06033321836893265	0.0	0.468140589569161	0.1450332405689549	0.42709879406307977
FAT_012-22-42-0.bam	0.4661835188620903	0.5018169330669331	0.468140589569161	0.0	0.4202161925376212	0.4596925891568749
FAT_012-22-84-0.bam	0.1542723149866007	0.19815145172288032	0.1450332405689549	0.4202161925376212	0.0	0.28614718614718615
FAT_DON_8-22-0-0.bam	0.43407029478458053	0.4700129235843522	0.42709879406307977	0.4596925891568749	0.28614718614718615	0.0
