	peacemaker-11-0-0.bam	peacemaker-11-2-0.bam	peacemaker-11-60-0.bam	peacemaker-11-7-0.bam	scavenger-11-0-0.bam	scavenger-11-60-0.bam
peacemaker-11-0-0.bam	0.0	0.08331232114585883	0.08793118581418519	0.07095076484961829	0.23761924695451384	0.2655992686836425
peacemaker-11-2-0.bam	0.08331232114585883	0.0	0.08071400628866693	0.07920717040626543	0.24922811201746664	0.2746440311824927
peacemaker-11-60-0.bam	0.08793118581418519	0.08071400628866693	0.0	0.07455255671092775	0.2356834492058355	0.258535265806759
peacemaker-11-7-0.bam	0.07095076484961829	0.07920717040626543	0.07455255671092775	0.0	0.2302611287744653	0.25875397101641445
scavenger-11-0-0.bam	0.23761924695451384	0.24922811201746664	0.2356834492058355	0.2302611287744653	0.0	0.08462499169393668
scavenger-11-60-0.bam	0.2655992686836425	0.2746440311824927	0.258535265806759	0.25875397101641445	0.08462499169393668	0.0
