	peacemaker-11-0-0.bam	peacemaker-11-2-0.bam	peacemaker-11-60-0.bam	scavenger-11-0-0.bam	scavenger-11-60-0.bam	scavenger-11-7-0.bam	tigress-11-60-0.bam
peacemaker-11-0-0.bam	0.0	0.003154492566257272	0.003981900452488688	0.5266003022315469	0.5393665158371042	0.5460598225304107	0.47782805429864256
peacemaker-11-2-0.bam	0.003154492566257272	0.0	0.005326438267614738	0.5279448400466731	0.5407110536522302	0.5452065581477347	0.4782934712346477
peacemaker-11-60-0.bam	0.003981900452488688	0.005326438267614738	0.0	0.5287722479329044	0.5415384615384616	0.5482317682317682	0.48
scavenger-11-0-0.bam	0.5266003022315469	0.5279448400466731	0.5287722479329044	0.0	0.03852212644532475	0.04521543313863145	0.4323619915226481
scavenger-11-60-0.bam	0.5393665158371042	0.5407110536522302	0.5415384615384616	0.03852212644532475	0.0	0.006693306693306695	0.4307692307692308
scavenger-11-7-0.bam	0.5460598225304107	0.5452065581477347	0.5482317682317682	0.04521543313863145	0.006693306693306695	0.0	0.43746253746253744
tigress-11-60-0.bam	0.47782805429864256	0.4782934712346477	0.48	0.4323619915226481	0.4307692307692308	0.43746253746253744	0.0
