	bugkiller-11-0-0.bam	bugkiller-11-2-0.bam	bugkiller-11-392-1.bam	bugkiller-11-60-0.bam	bugkiller-11-7-0.bam	peacemaker-11-0-0.bam	peacemaker-11-2-0.bam	peacemaker-11-60-0.bam	peacemaker-11-7-0.bam	scavenger-11-0-0.bam	scavenger-11-2-0.bam	scavenger-11-392-0.bam	scavenger-11-60-0.bam	scavenger-11-7-0.bam
bugkiller-11-0-0.bam	0.0	0.01707796400442767	0.01987585184836777	0.019704156500889716	0.01764728772878143	0.4172426015102901	0.399528802664301	0.4151002569905219	0.4188446327335216	0.4268009673470593	0.41737788283840915	0.4201221704168422	0.4196000313129336	0.4190441197039214
bugkiller-11-2-0.bam	0.01707796400442767	0.0	0.013505773713999887	0.014015598675820562	0.01100899446234172	0.4027308222029721	0.3904535985771006	0.4032599951957344	0.4082656583107175	0.44547115272703824	0.4400815506257023	0.43951628711122837	0.44114203321335604	0.4405339543817043
bugkiller-11-392-1.bam	0.01987585184836777	0.013505773713999887	0.0	0.00444736623237359	0.004396886576673408	0.39566890362951757	0.3828346243359923	0.39537106821146306	0.40120088841375295	0.4315078643354764	0.4242492801316331	0.425262546176981	0.4260201843802753	0.42470801121289387
bugkiller-11-60-0.bam	0.019704156500889716	0.014015598675820562	0.00444736623237359	0.0	0.004763278231573796	0.3921911835310117	0.3773823763955343	0.3930645138980553	0.3983401890978292	0.4576917718309816	0.45103554481737845	0.45115217596154017	0.45198880022466037	0.45156456533850975
bugkiller-11-7-0.bam	0.01764728772878143	0.01100899446234172	0.004396886576673408	0.004763278231573796	0.0	0.39734329931316725	0.38525506499031187	0.39759514097033416	0.40249631087737575	0.44053572976444216	0.4333772639634105	0.43437655392537433	0.4351237419465542	0.4338296677194125
peacemaker-11-0-0.bam	0.4172426015102901	0.4027308222029721	0.39566890362951757	0.3921911835310117	0.39734329931316725	0.0	0.005565204444896892	0.009048664816443756	0.009740829612193032	0.45915077293585527	0.4534125816690735	0.45218084760155913	0.45425510110772965	0.4538649854250754
peacemaker-11-2-0.bam	0.399528802664301	0.3904535985771006	0.3828346243359923	0.3773823763955343	0.38525506499031187	0.005565204444896892	0.0	0.004766229255452426	0.009147802222330146	0.46784016667964656	0.46221250123921875	0.46079677529744484	0.4630346134957616	0.4611609923939828
peacemaker-11-60-0.bam	0.4151002569905219	0.4032599951957344	0.39537106821146306	0.3930645138980553	0.39759514097033416	0.009048664816443756	0.004766229255452426	0.0	0.010651741174854233	0.4589823028835318	0.4535245338389355	0.45323072035262346	0.4538561225132602	0.45291592963737776
peacemaker-11-7-0.bam	0.4188446327335216	0.4082656583107175	0.40120088841375295	0.3983401890978292	0.40249631087737575	0.009740829612193032	0.009147802222330146	0.010651741174854233	0.0	0.46568949958527533	0.45886826321490576	0.45819130796614155	0.459797857558081	0.45932066697090773
scavenger-11-0-0.bam	0.4268009673470593	0.44547115272703824	0.4315078643354764	0.4576917718309816	0.44053572976444216	0.45915077293585527	0.46784016667964656	0.4589823028835318	0.46568949958527533	0.0	0.009225158604676173	0.011079690326645157	0.01277689025298158	0.009669289884324713
scavenger-11-2-0.bam	0.41737788283840915	0.4400815506257023	0.4242492801316331	0.45103554481737845	0.4333772639634105	0.4534125816690735	0.46221250123921875	0.4535245338389355	0.45886826321490576	0.009225158604676173	0.0	0.003861641641200137	0.006791674382000538	0.003781838547205865
scavenger-11-392-0.bam	0.4201221704168422	0.43951628711122837	0.425262546176981	0.45115217596154017	0.43437655392537433	0.45218084760155913	0.46079677529744484	0.45323072035262346	0.45819130796614155	0.011079690326645157	0.003861641641200137	0.0	0.0070661370130907135	0.004781128509169662
scavenger-11-60-0.bam	0.4196000313129336	0.44114203321335604	0.4260201843802753	0.45198880022466037	0.4351237419465542	0.45425510110772965	0.4630346134957616	0.4538561225132602	0.459797857558081	0.01277689025298158	0.006791674382000538	0.0070661370130907135	0.0	0.005854398511054204
scavenger-11-7-0.bam	0.4190441197039214	0.4405339543817043	0.42470801121289387	0.45156456533850975	0.4338296677194125	0.4538649854250754	0.4611609923939828	0.45291592963737776	0.45932066697090773	0.009669289884324713	0.003781838547205865	0.004781128509169662	0.005854398511054204	0.0
