	daisy-11-0-0.bam	peacemaker-11-0-0.bam	peacemaker-11-392-1.bam	peacemaker-11-60-0.bam	peacemaker-11-7-0.bam	scavenger-11-0-0.bam	tigress-11-0-0.bam	tigress-11-2-0.bam	tigress-11-60-0.bam	tigress-11-7-0.bam
daisy-11-0-0.bam	0.0	0.19298245614035087	0.12280701754385964	0.16666666666666666	0.18421052631578946	0.21052631578947367	0.18421052631578946	0.17543859649122806	0.18421052631578946	0.18421052631578946
peacemaker-11-0-0.bam	0.19298245614035087	0.0	0.05263157894736842	0.07017543859649122	0.008771929824561403	0.2894736842105263	0.2543859649122807	0.24561403508771928	0.2543859649122807	0.2543859649122807
peacemaker-11-392-1.bam	0.12280701754385964	0.05263157894736842	0.0	0.0	0.05263157894736842	0.18421052631578946	0.18421052631578946	0.17543859649122806	0.18421052631578946	0.18421052631578946
peacemaker-11-60-0.bam	0.16666666666666666	0.07017543859649122	0.0	0.0	0.07017543859649122	0.2631578947368421	0.23684210526315788	0.22807017543859648	0.23684210526315788	0.23684210526315788
peacemaker-11-7-0.bam	0.18421052631578946	0.008771929824561403	0.05263157894736842	0.07017543859649122	0.0	0.2894736842105263	0.22807017543859648	0.22807017543859648	0.23684210526315788	0.23684210526315788
scavenger-11-0-0.bam	0.21052631578947367	0.2894736842105263	0.18421052631578946	0.2631578947368421	0.2894736842105263	0.0	0.21929824561403508	0.21929824561403508	0.21929824561403508	0.21929824561403508
tigress-11-0-0.bam	0.18421052631578946	0.2543859649122807	0.18421052631578946	0.23684210526315788	0.22807017543859648	0.21929824561403508	0.0	0.0	0.0	0.0
tigress-11-2-0.bam	0.17543859649122806	0.24561403508771928	0.17543859649122806	0.22807017543859648	0.22807017543859648	0.21929824561403508	0.0	0.0	0.0	0.0
tigress-11-60-0.bam	0.18421052631578946	0.2543859649122807	0.18421052631578946	0.23684210526315788	0.23684210526315788	0.21929824561403508	0.0	0.0	0.0	0.0
tigress-11-7-0.bam	0.18421052631578946	0.2543859649122807	0.18421052631578946	0.23684210526315788	0.23684210526315788	0.21929824561403508	0.0	0.0	0.0	0.0
