	daisy-11-0-0.bam	daisy-11-60-0.bam	peacemaker-11-0-0.bam	peacemaker-11-2-0.bam	peacemaker-11-60-0.bam	peacemaker-11-7-0.bam	scavenger-11-0-0.bam	scavenger-11-60-0.bam	scavenger-11-7-0.bam	tigress-11-0-0.bam	tigress-11-60-0.bam	tigress-11-7-0.bam
daisy-11-0-0.bam	0.0	0.09379262846524321	0.2651977965062671	0.26533779927557694	0.2586584126532452	0.26560198257318923	0.23237223405325555	0.22636734380370022	0.2280661608107704	0.2350938005594237	0.23936306328006565	0.239156241701516
daisy-11-60-0.bam	0.09379262846524321	0.0	0.24163408218430504	0.2383650636651393	0.23299267706357327	0.24440109586441516	0.19864043762915592	0.1886807600077007	0.1869243325111635	0.22674360847680175	0.22359439877572757	0.2231923912110867
peacemaker-11-0-0.bam	0.2651977965062671	0.24163408218430504	0.0	0.027328961720051725	0.03335070503468254	0.040553890549785504	0.22853240463156393	0.22654530171693202	0.22428280714724422	0.24159109086764222	0.22656537209256838	0.22983872794191276
peacemaker-11-2-0.bam	0.26533779927557694	0.2383650636651393	0.027328961720051725	0.0	0.023549542570085305	0.03288634818565214	0.23767363239352915	0.23676282666269655	0.23493671969985874	0.24780298793903074	0.23077758535907564	0.23373540659402833
peacemaker-11-60-0.bam	0.2586584126532452	0.23299267706357327	0.03335070503468254	0.023549542570085305	0.0	0.031790254274877076	0.22914216440190074	0.22815349961978337	0.22597614766397378	0.2451056896792242	0.2295409274238479	0.2333954798543889
peacemaker-11-7-0.bam	0.26560198257318923	0.24440109586441516	0.040553890549785504	0.03288634818565214	0.031790254274877076	0.0	0.23207680269570133	0.23407401926047536	0.23205445823168752	0.2517653450559952	0.2339486690380129	0.23641830618890186
scavenger-11-0-0.bam	0.23237223405325555	0.19864043762915592	0.22853240463156393	0.23767363239352915	0.22914216440190074	0.23207680269570133	0.0	0.05662642107641292	0.047796964945732684	0.18774362611606107	0.19920689957260385	0.19860446096689333
scavenger-11-60-0.bam	0.22636734380370022	0.1886807600077007	0.22654530171693202	0.23676282666269655	0.22815349961978337	0.23407401926047536	0.05662642107641292	0.0	0.030727148943611293	0.1786260673656325	0.1887474226669854	0.19011998825455764
scavenger-11-7-0.bam	0.2280661608107704	0.1869243325111635	0.22428280714724422	0.23493671969985874	0.22597614766397378	0.23205445823168752	0.047796964945732684	0.030727148943611293	0.0	0.17695123790774314	0.1873737559464875	0.18802482081255906
tigress-11-0-0.bam	0.2350938005594237	0.22674360847680175	0.24159109086764222	0.24780298793903074	0.2451056896792242	0.2517653450559952	0.18774362611606107	0.1786260673656325	0.17695123790774314	0.0	0.018845260108968986	0.01899539688320086
tigress-11-60-0.bam	0.23936306328006565	0.22359439877572757	0.22656537209256838	0.23077758535907564	0.2295409274238479	0.2339486690380129	0.19920689957260385	0.1887474226669854	0.1873737559464875	0.018845260108968986	0.0	0.009438810930899471
tigress-11-7-0.bam	0.239156241701516	0.2231923912110867	0.22983872794191276	0.23373540659402833	0.2333954798543889	0.23641830618890186	0.19860446096689333	0.19011998825455764	0.18802482081255906	0.01899539688320086	0.009438810930899471	0.0
