	bugkiller-11-0-0.bam	bugkiller-11-2-0.bam	bugkiller-11-392-1.bam	bugkiller-11-60-0.bam	bugkiller-11-7-0.bam	peacemaker-11-0-0.bam	scavenger-11-0-0.bam	scavenger-11-60-0.bam	scavenger-11-7-0.bam
bugkiller-11-0-0.bam	0.0	0.06781865351599697	0.03869574711605072	0.04936219818997208	0.03575737724219698	0.32611480075901333	0.32071114620159735	0.31712333365559175	0.30196461948515735
bugkiller-11-2-0.bam	0.06781865351599697	0.0	0.0538284875571403	0.050930008937099716	0.06675033273705001	0.3161212127530913	0.307665692288022	0.313755299096855	0.29859658492642066
bugkiller-11-392-1.bam	0.03869574711605072	0.0538284875571403	0.0	0.02756353248713181	0.04103244425825072	0.33604710701484897	0.32805241604286717	0.3244646034968616	0.30930588932642716
bugkiller-11-60-0.bam	0.04936219818997208	0.050930008937099716	0.02756353248713181	0.0	0.04208664378443665	0.3252081817446843	0.32643008063445367	0.32284226808844807	0.30768355391801366
bugkiller-11-7-0.bam	0.03575737724219698	0.06675033273705001	0.04103244425825072	0.04208664378443665	0.0	0.34067402131918256	0.3181375996764379	0.324227206485271	0.3090684923148366
peacemaker-11-0-0.bam	0.32611480075901333	0.3161212127530913	0.33604710701484897	0.3252081817446843	0.34067402131918256	0.0	0.2592864150188016	0.255698602472796	0.24053988830236162
scavenger-11-0-0.bam	0.32071114620159735	0.307665692288022	0.32805241604286717	0.32643008063445367	0.3181375996764379	0.2592864150188016	0.0	0.025989378131754334	0.04447617341382866
scavenger-11-60-0.bam	0.31712333365559175	0.313755299096855	0.3244646034968616	0.32284226808844807	0.324227206485271	0.255698602472796	0.025989378131754334	0.0	0.041103414631263914
scavenger-11-7-0.bam	0.30196461948515735	0.29859658492642066	0.30930588932642716	0.30768355391801366	0.3090684923148366	0.24053988830236162	0.04447617341382866	0.041103414631263914	0.0
