	peacemaker-11-0-0.bam	peacemaker-11-2-0.bam	peacemaker-11-392-1.bam	peacemaker-11-60-0.bam	peacemaker-11-7-0.bam	scavenger-11-392-0.bam
peacemaker-11-0-0.bam	0.0	0.0016336562593509303	0.0010269808406454368	0.0019088150558129852	0.00532065399151664	0.5962650760787407
peacemaker-11-2-0.bam	0.0016336562593509303	0.0	0.0006066754187054937	0.001488509633873042	0.004900348569576696	0.5946314198193898
peacemaker-11-392-1.bam	0.0010269808406454368	0.0006066754187054937	0.0	0.0008818342151675485	0.004293673150871203	0.5952380952380952
peacemaker-11-60-0.bam	0.0019088150558129852	0.001488509633873042	0.0008818342151675485	0.0	0.00517550736603875	0.5943562610229277
peacemaker-11-7-0.bam	0.00532065399151664	0.004900348569576696	0.004293673150871203	0.00517550736603875	0.0	0.5983979815408939
scavenger-11-392-0.bam	0.5962650760787407	0.5946314198193898	0.5952380952380952	0.5943562610229277	0.5983979815408939	0.0
