	daisy-11-0-0.bam	daisy-11-2-0.bam	daisy-11-60-0.bam	daisy-11-7-0.bam	tigress-11-0-0.bam	tigress-11-2-0.bam	tigress-11-60-0.bam
daisy-11-0-0.bam	0.0	0.0003431881551059609	0.0003431881551059609	0.003224960433684861	0.8870563749829042	0.8877095899090112	0.8877095899090112
daisy-11-2-0.bam	0.0003431881551059609	0.0	0.0	0.0028817722785789007	0.8873995631380102	0.8876404494382022	0.8876404494382022
daisy-11-60-0.bam	0.0003431881551059609	0.0	0.0	0.0028817722785789007	0.8873995631380102	0.8876404494382022	0.8876404494382022
daisy-11-7-0.bam	0.003224960433684861	0.0028817722785789007	0.0028817722785789007	0.0	0.8845177908594313	0.8847586771596234	0.8847586771596234
tigress-11-0-0.bam	0.8870563749829042	0.8873995631380102	0.8873995631380102	0.8845177908594313	0.0	0.0008097954169606451	0.0008097954169606451
tigress-11-2-0.bam	0.8877095899090112	0.8876404494382022	0.8876404494382022	0.8847586771596234	0.0008097954169606451	0.0	0.0
tigress-11-60-0.bam	0.8877095899090112	0.8876404494382022	0.8876404494382022	0.8847586771596234	0.0008097954169606451	0.0	0.0
