	bugkiller-11-0-0.bam	bugkiller-11-2-0.bam	bugkiller-11-392-1.bam	bugkiller-11-60-0.bam	bugkiller-11-7-0.bam	peacemaker-11-0-0.bam	peacemaker-11-2-0.bam	peacemaker-11-60-0.bam	peacemaker-11-7-0.bam	scavenger-11-0-0.bam	scavenger-11-392-0.bam	scavenger-11-60-0.bam	scavenger-11-7-0.bam	tigress-11-0-0.bam	tigress-11-2-0.bam	tigress-11-60-0.bam	tigress-11-7-0.bam
bugkiller-11-0-0.bam	0.0	0.016857646899995964	0.032179767357789574	0.022014778317671516	0.018540457197726068	0.3139925935792679	0.31311974111807894	0.3142211329017371	0.3138873745182817	0.33448484455818767	0.32145387169506806	0.3470581077226778	0.33030936928808835	0.2877416180553047	0.2921676678171869	0.28893663664851355	0.2917339300446228
bugkiller-11-2-0.bam	0.016857646899995964	0.0	0.03283252515796783	0.021964872722914836	0.0160696067759883	0.3102112119275695	0.30952756161337713	0.310371888893843	0.31054015404819413	0.33069044481845583	0.31688709239157986	0.3440053004431455	0.3266613779142341	0.2887726837720634	0.2932363561007874	0.28988957355109257	0.2922208816950641
bugkiller-11-392-1.bam	0.032179767357789574	0.03283252515796783	0.0	0.03347564252737386	0.03224937525667053	0.30650401743151096	0.3053864039363332	0.30660023654148233	0.3077294519527319	0.3273434366854573	0.31285453764295534	0.33936152854358337	0.3222453812371948	0.283594546086012	0.2875873527545857	0.2828373644280452	0.2868071423868008
bugkiller-11-60-0.bam	0.022014778317671516	0.021964872722914836	0.03347564252737386	0.0	0.023623877024415468	0.3137219562239422	0.3125348772674718	0.313383810917595	0.3142810541515805	0.334323721721378	0.31987114194721217	0.34653885733583584	0.32927487095827446	0.28977447093220465	0.29554628757216184	0.2884908436690071	0.29329194547825577
bugkiller-11-7-0.bam	0.018540457197726068	0.0160696067759883	0.03224937525667053	0.023623877024415468	0.0	0.31127006949163294	0.3107495632226607	0.311573856939269	0.31230656677167684	0.33154128420956	0.31823820176085965	0.343978412757211	0.327380190620175	0.2872881669123459	0.2909381574618782	0.2881908972813643	0.2909822331302514
peacemaker-11-0-0.bam	0.3139925935792679	0.3102112119275695	0.30650401743151096	0.3137219562239422	0.31127006949163294	0.0	0.011512299919090854	0.012557589725980688	0.014154657078667428	0.35298033282797125	0.33853378853758287	0.3631867845082785	0.35308900872750876	0.3946310760180573	0.39241907543582827	0.3717354710048201	0.3930665836215311
peacemaker-11-2-0.bam	0.31311974111807894	0.30952756161337713	0.3053864039363332	0.3125348772674718	0.3107495632226607	0.011512299919090854	0.0	0.010981100617747855	0.01732225349815371	0.35339742395340346	0.3381335835889278	0.36322066065066094	0.3536300418419817	0.39305231374604754	0.3899924070111504	0.3702579927339285	0.3914087018236968
peacemaker-11-60-0.bam	0.3142211329017371	0.310371888893843	0.30660023654148233	0.313383810917595	0.311573856939269	0.012557589725980688	0.010981100617747855	0.0	0.016901426939340342	0.352871168521512	0.3380858876759449	0.3630873533760309	0.35358199671355584	0.39430435834422406	0.39319990849403497	0.37222243835983254	0.39302136062099613
peacemaker-11-7-0.bam	0.3138873745182817	0.31054015404819413	0.3077294519527319	0.3142810541515805	0.31230656677167684	0.014154657078667428	0.01732225349815371	0.016901426939340342	0.0	0.35111825368475175	0.33758751291541833	0.36082890778807275	0.3510729102500403	0.39358065287416333	0.3909558906442259	0.371189409424993	0.39213041952896155
scavenger-11-0-0.bam	0.33448484455818767	0.33069044481845583	0.3273434366854573	0.334323721721378	0.33154128420956	0.35298033282797125	0.35339742395340346	0.352871168521512	0.35111825368475175	0.0	0.015300886836116296	0.019623924124732104	0.019278439402972712	0.4018157008844749	0.4124019494382532	0.39529812896805355	0.3967613969217775
scavenger-11-392-0.bam	0.32145387169506806	0.31688709239157986	0.31285453764295534	0.31987114194721217	0.31823820176085965	0.33853378853758287	0.3381335835889278	0.3380858876759449	0.33758751291541833	0.015300886836116296	0.0	0.012575046305412221	0.024702788064733402	0.3746842268375882	0.377524579381015	0.36324024812396905	0.3687499343198696
scavenger-11-60-0.bam	0.3470581077226778	0.3440053004431455	0.33936152854358337	0.34653885733583584	0.343978412757211	0.3631867845082785	0.36322066065066094	0.3630873533760309	0.36082890778807275	0.019623924124732104	0.012575046305412221	0.0	0.03277705185574403	0.4091998414795369	0.42026277523941225	0.4033064431967102	0.4041586028431787
scavenger-11-7-0.bam	0.33030936928808835	0.3266613779142341	0.3222453812371948	0.32927487095827446	0.327380190620175	0.35308900872750876	0.3536300418419817	0.35358199671355584	0.3510729102500403	0.019278439402972712	0.024702788064733402	0.03277705185574403	0.0	0.40157671999082634	0.41215043747430324	0.3934131115108245	0.39637991180441423
tigress-11-0-0.bam	0.2877416180553047	0.2887726837720634	0.283594546086012	0.28977447093220465	0.2872881669123459	0.3946310760180573	0.39305231374604754	0.39430435834422406	0.39358065287416333	0.4018157008844749	0.3746842268375882	0.4091998414795369	0.40157671999082634	0.0	0.0027926276309896986	0.0025002944900904085	0.0014484550925792608
tigress-11-2-0.bam	0.2921676678171869	0.2932363561007874	0.2875873527545857	0.29554628757216184	0.2909381574618782	0.39241907543582827	0.3899924070111504	0.39319990849403497	0.3909558906442259	0.4124019494382532	0.377524579381015	0.42026277523941225	0.41215043747430324	0.0027926276309896986	0.0	0.0027246145667198297	0.002294330325251848
tigress-11-60-0.bam	0.28893663664851355	0.28988957355109257	0.2828373644280452	0.2884908436690071	0.2881908972813643	0.3717354710048201	0.3702579927339285	0.37222243835983254	0.371189409424993	0.39529812896805355	0.36324024812396905	0.4033064431967102	0.3934131115108245	0.0025002944900904085	0.0027246145667198297	0.0	0.0015055706112616684
tigress-11-7-0.bam	0.2917339300446228	0.2922208816950641	0.2868071423868008	0.29329194547825577	0.2909822331302514	0.3930665836215311	0.3914087018236968	0.39302136062099613	0.39213041952896155	0.3967613969217775	0.3687499343198696	0.4041586028431787	0.39637991180441423	0.0014484550925792608	0.002294330325251848	0.0015055706112616684	0.0
