	bugkiller-11-0-0.bam	bugkiller-11-2-0.bam	bugkiller-11-392-1.bam	bugkiller-11-60-0.bam	bugkiller-11-7-0.bam	daisy-11-0-0.bam	daisy-11-2-0.bam	daisy-11-60-0.bam
bugkiller-11-0-0.bam	0.0	0.029123880369402545	0.023446836182685244	0.023933508839169223	0.030485251122043578	0.537860179592433	0.5377157041072136	0.5387433321395585
bugkiller-11-2-0.bam	0.029123880369402545	0.0	0.027226628781853574	0.0266659642644743	0.027075221941909613	0.5411272967246024	0.539781380849204	0.5417074814781349
bugkiller-11-392-1.bam	0.023446836182685244	0.027226628781853574	0.0	0.004417490266546871	0.009396905505396073	0.530726292708029	0.5286461911808749	0.5272162324049117
bugkiller-11-60-0.bam	0.023933508839169223	0.0266659642644743	0.004417490266546871	0.0	0.006694681105058463	0.5332702888101777	0.5320678743195392	0.5303234501347708
bugkiller-11-7-0.bam	0.030485251122043578	0.027075221941909613	0.009396905505396073	0.006694681105058463	0.0	0.5330527783332333	0.5318503638425947	0.5301059396578265
daisy-11-0-0.bam	0.537860179592433	0.5411272967246024	0.530726292708029	0.5332702888101777	0.5330527783332333	0.0	0.005833252255157295	0.005222349999518197
daisy-11-2-0.bam	0.5377157041072136	0.539781380849204	0.5286461911808749	0.5320678743195392	0.5318503638425947	0.005833252255157295	0.0	0.0033167512287934054
daisy-11-60-0.bam	0.5387433321395585	0.5417074814781349	0.5272162324049117	0.5303234501347708	0.5301059396578265	0.005222349999518197	0.0033167512287934054	0.0
