	daisy-11-0-0.bam	peacemaker-11-0-0.bam	peacemaker-11-392-1.bam	peacemaker-11-60-0.bam	peacemaker-11-7-0.bam	scavenger-11-0-0.bam	tigress-11-0-0.bam	tigress-11-2-0.bam	tigress-11-60-0.bam	tigress-11-7-0.bam
daisy-11-0-0.bam	0.0	0.27106263140890946	0.2232716311267244	0.2379489806201419	0.2733000037740633	0.267480402206912	0.2471378959836056	0.23658714587722154	0.2428384661132747	0.24272766278917496
peacemaker-11-0-0.bam	0.27106263140890946	0.0	0.09985644896899712	0.08067001009411384	0.043867427813046915	0.3010234492112559	0.23436098814539183	0.234497816997817	0.23095896411113803	0.2304848057422428
peacemaker-11-392-1.bam	0.2232716311267244	0.09985644896899712	0.0	0.023158024225097395	0.11728380249148275	0.2587981436962119	0.26073628364389234	0.2614878542510121	0.25548780487804884	0.2543581514762516
peacemaker-11-60-0.bam	0.2379489806201419	0.08067001009411384	0.023158024225097395	0.0	0.09973318096738766	0.2758089217111486	0.23933898504249315	0.2390753755215256	0.2359391546776127	0.23512659696754803
peacemaker-11-7-0.bam	0.2733000037740633	0.043867427813046915	0.11728380249148275	0.09973318096738766	0.0	0.3270828648572074	0.2516437002789363	0.25772923075215853	0.25342232884766425	0.25257249784814717
scavenger-11-0-0.bam	0.267480402206912	0.3010234492112559	0.2587981436962119	0.2758089217111486	0.3270828648572074	0.0	0.22857952517777122	0.23839425868180478	0.22505542125690292	0.22494363737241296
tigress-11-0-0.bam	0.2471378959836056	0.23436098814539183	0.26073628364389234	0.23933898504249315	0.2516437002789363	0.22857952517777122	0.0	0.0015850979755819767	0.0008133688257911855	0.0007900963589096967
tigress-11-2-0.bam	0.23658714587722154	0.234497816997817	0.2614878542510121	0.2390753755215256	0.25772923075215853	0.23839425868180478	0.0015850979755819767	0.0	0.0007122507122507108	0.0015699505173189365
tigress-11-60-0.bam	0.2428384661132747	0.23095896411113803	0.25548780487804884	0.2359391546776127	0.25342232884766425	0.22505542125690292	0.0008133688257911855	0.0007122507122507108	0.0	0.0008125577100646348
tigress-11-7-0.bam	0.24272766278917496	0.2304848057422428	0.2543581514762516	0.23512659696754803	0.25257249784814717	0.22494363737241296	0.0007900963589096967	0.0015699505173189365	0.0008125577100646348	0.0
