	bugkiller-11-0-0.bam	bugkiller-11-392-1.bam	bugkiller-11-60-0.bam	bugkiller-11-7-0.bam	peacemaker-11-0-0.bam	peacemaker-11-2-0.bam	peacemaker-11-60-0.bam	peacemaker-11-7-0.bam	scavenger-11-0-0.bam	scavenger-11-60-0.bam	scavenger-11-7-0.bam	tigress-11-0-0.bam	tigress-11-60-0.bam	tigress-11-7-0.bam
bugkiller-11-0-0.bam	0.0	0.0006349206349206358	0.0006230529595015585	0.0025775447793796426	0.41081943019445366	0.41456139161207956	0.40195544778247155	0.42561161315771495	0.07309976366188256	0.07255646115185516	0.06702741702741702	0.29245626822157433	0.2871069182389937	0.29707070707070704
bugkiller-11-392-1.bam	0.0006349206349206358	0.0	0.0	0.0019305019305019305	0.3988561090122246	0.41015000337995816	0.3921718885769746	0.4227239628048341	0.06823266959936916	0.06963586172067321	0.06350008016674684	0.27660714285714283	0.27314814814814814	0.280467720685112
bugkiller-11-60-0.bam	0.0006230529595015585	0.0	0.0	0.0018963337547408345	0.39632402698069186	0.4065995444107206	0.3900376541539867	0.4205752138718962	0.06986493734373664	0.0699690595390956	0.06503293186461503	0.2809873949579832	0.2772727272727273	0.28513862024500325
bugkiller-11-7-0.bam	0.0025775447793796426	0.0019305019305019305	0.0018963337547408345	0.0	0.40796145591104843	0.418483056296317	0.4025090489885758	0.4310662453490723	0.07052472353487152	0.0706155603669871	0.06446363776460864	0.285885989010989	0.2818877551020408	0.2903589466089466
peacemaker-11-0-0.bam	0.41081943019445366	0.3988561090122246	0.39632402698069186	0.40796145591104843	0.0	0.04382311726756286	0.06698729029139786	0.05431758237753636	0.39838893112394363	0.38017198250058304	0.3919435686016471	0.35140531239205214	0.3650965762982092	0.366320058711547
peacemaker-11-2-0.bam	0.41456139161207956	0.41015000337995816	0.4065995444107206	0.418483056296317	0.04382311726756286	0.0	0.08010210450779787	0.033122842557862436	0.3998547428492407	0.3887173990320772	0.40003448134511793	0.3513703627771724	0.36705172807199293	0.3670853759717634
peacemaker-11-60-0.bam	0.40195544778247155	0.3921718885769746	0.3900376541539867	0.4025090489885758	0.06698729029139786	0.08010210450779787	0.0	0.0999877585025436	0.3965365720774932	0.3761588559379305	0.39227941141540806	0.35815648453394655	0.3689579100638611	0.37983132282764576
peacemaker-11-7-0.bam	0.42561161315771495	0.4227239628048341	0.4205752138718962	0.4310662453490723	0.05431758237753636	0.033122842557862436	0.0999877585025436	0.0	0.41212132873722046	0.3987630471387063	0.41232476531044593	0.3637080155845221	0.3798004525238909	0.3804865666403207
scavenger-11-0-0.bam	0.07309976366188256	0.06823266959936916	0.06986493734373664	0.07052472353487152	0.39838893112394363	0.3998547428492407	0.3965365720774932	0.41212132873722046	0.0	0.02865710581536645	0.031322633009559675	0.277357857581326	0.2731662305098103	0.2759120345055853
scavenger-11-60-0.bam	0.07255646115185516	0.06963586172067321	0.0699690595390956	0.0706155603669871	0.38017198250058304	0.3887173990320772	0.3761588559379305	0.3987630471387063	0.02865710581536645	0.0	0.026470356962798466	0.2735306047074441	0.27156726847103163	0.2771713054600708
scavenger-11-7-0.bam	0.06702741702741702	0.06350008016674684	0.06503293186461503	0.06446363776460864	0.3919435686016471	0.40003448134511793	0.39227941141540806	0.41232476531044593	0.031322633009559675	0.026470356962798466	0.0	0.2674724731789949	0.2588881673881674	0.26418865526008384
tigress-11-0-0.bam	0.29245626822157433	0.27660714285714283	0.2809873949579832	0.285885989010989	0.35140531239205214	0.3513703627771724	0.35815648453394655	0.3637080155845221	0.277357857581326	0.2735306047074441	0.2674724731789949	0.0	0.00830975954738331	0.004475426534250064
tigress-11-60-0.bam	0.2871069182389937	0.27314814814814814	0.2772727272727273	0.2818877551020408	0.3650965762982092	0.36705172807199293	0.3689579100638611	0.3798004525238909	0.2731662305098103	0.27156726847103163	0.2588881673881674	0.00830975954738331	0.0	0.007494297816878463
tigress-11-7-0.bam	0.29707070707070704	0.280467720685112	0.28513862024500325	0.2903589466089466	0.366320058711547	0.3670853759717634	0.37983132282764576	0.3804865666403207	0.2759120345055853	0.2771713054600708	0.26418865526008384	0.004475426534250064	0.007494297816878463	0.0
