	peacemaker-11-0-0.bam	peacemaker-11-2-0.bam	peacemaker-11-60-0.bam	peacemaker-11-7-0.bam	scavenger-11-0-0.bam	scavenger-11-60-0.bam	scavenger-11-7-0.bam
peacemaker-11-0-0.bam	0.0	0.02142857142857143	0.007142857142857143	0.07857142857142857	0.1	0.07857142857142857	0.09285714285714286
peacemaker-11-2-0.bam	0.02142857142857143	0.0	0.014285714285714285	0.06428571428571428	0.07142857142857142	0.05714285714285714	0.07857142857142857
peacemaker-11-60-0.bam	0.007142857142857143	0.014285714285714285	0.0	0.02142857142857143	0.12142857142857143	0.09285714285714286	0.12857142857142856
peacemaker-11-7-0.bam	0.07857142857142857	0.06428571428571428	0.02142857142857143	0.0	0.17857142857142858	0.1357142857142857	0.18571428571428572
scavenger-11-0-0.bam	0.1	0.07142857142857142	0.12142857142857143	0.17857142857142858	0.0	0.0	0.0
scavenger-11-60-0.bam	0.07857142857142857	0.05714285714285714	0.09285714285714286	0.1357142857142857	0.0	0.0	0.0
scavenger-11-7-0.bam	0.09285714285714286	0.07857142857142857	0.12857142857142856	0.18571428571428572	0.0	0.0	0.0
