	daisy-11-0-0.bam	peacemaker-11-0-0.bam	peacemaker-11-2-0.bam	peacemaker-11-60-0.bam	peacemaker-11-7-0.bam	scavenger-11-0-0.bam	scavenger-11-392-0.bam	scavenger-11-60-0.bam	scavenger-11-7-0.bam	tigress-11-0-0.bam	tigress-11-2-0.bam	tigress-11-7-0.bam
daisy-11-0-0.bam	0.0	0.35549606962804486	0.34721473264272	0.36083800812662525	0.3526194606561667	0.35074741607884763	0.342759931041181	0.3491847041808167	0.3508797490018021	0.3289225589225589	0.369407158836689	0.3285185185185185
peacemaker-11-0-0.bam	0.35549606962804486	0.0	0.03774829683622121	0.028775777071796894	0.03309944725375943	0.2968463822759153	0.28525095208815887	0.2969510379061077	0.2976844414910565	0.2928281198866938	0.27342459045492723	0.2924204558018997
peacemaker-11-2-0.bam	0.34721473264272	0.03774829683622121	0.0	0.033253166701904875	0.041353391856170874	0.2877604648704193	0.2726971873231154	0.29011611593612524	0.2872016107501568	0.29283234373118305	0.2745755567184138	0.2924246796463889
peacemaker-11-60-0.bam	0.36083800812662525	0.028775777071796894	0.033253166701904875	0.0	0.034208284587554746	0.30189030664506517	0.2870120109640769	0.3008450887694199	0.3019942560859208	0.30244176341306545	0.28876741111645593	0.3020377230090251
peacemaker-11-7-0.bam	0.3526194606561667	0.03309944725375943	0.041353391856170874	0.034208284587554746	0.0	0.294722643454841	0.27944011305253186	0.29089308148707765	0.2949136013063258	0.29237251319412494	0.27943609814524756	0.29277655359816535
scavenger-11-0-0.bam	0.35074741607884763	0.2968463822759153	0.2877604648704193	0.30189030664506517	0.294722643454841	0.0	0.02613486547942786	0.06611795330155476	0.020798296240028998	0.2687133986723693	0.2684814357187042	0.2683093582683289
scavenger-11-392-0.bam	0.342759931041181	0.28525095208815887	0.2726971873231154	0.2870120109640769	0.27944011305253186	0.02613486547942786	0.0	0.0565951194286197	0.023106463637131043	0.2621998661061161	0.26187196641742094	0.2617628031690532
scavenger-11-60-0.bam	0.3491847041808167	0.2969510379061077	0.29011611593612524	0.3008450887694199	0.29089308148707765	0.06611795330155476	0.0565951194286197	0.0	0.06468164832088416	0.28071550568065845	0.280912775912509	0.28030415232812866
scavenger-11-7-0.bam	0.3508797490018021	0.2976844414910565	0.2872016107501568	0.3019942560859208	0.2949136013063258	0.020798296240028998	0.023106463637131043	0.06468164832088416	0.0	0.26414694800073213	0.2625599071712845	0.2638439176977018
tigress-11-0-0.bam	0.3289225589225589	0.2928281198866938	0.29283234373118305	0.30244176341306545	0.29237251319412494	0.2687133986723693	0.2621998661061161	0.28071550568065845	0.26414694800073213	0.0	0.0	0.0004040404040404041
tigress-11-2-0.bam	0.369407158836689	0.27342459045492723	0.2745755567184138	0.28876741111645593	0.27943609814524756	0.2684814357187042	0.26187196641742094	0.280912775912509	0.2625599071712845	0.0	0.0	0.0
tigress-11-7-0.bam	0.3285185185185185	0.2924204558018997	0.2924246796463889	0.3020377230090251	0.29277655359816535	0.2683093582683289	0.2617628031690532	0.28030415232812866	0.2638439176977018	0.0004040404040404041	0.0	0.0
