	bugkiller-11-392-1.bam	daisy-11-0-0.bam	daisy-11-2-0.bam	daisy-11-60-0.bam	daisy-11-7-0.bam	peacemaker-11-0-0.bam	peacemaker-11-2-0.bam	peacemaker-11-392-1.bam	peacemaker-11-60-0.bam	peacemaker-11-7-0.bam
bugkiller-11-392-1.bam	0.0	0.5833333333333334	0.5754716981132075	0.31104866188899805	0.5882352941176471	0.4418964218126356	0.43786268798145284	0.4005497731165139	0.4493592454958357	0.4427047721217551
daisy-11-0-0.bam	0.5833333333333334	0.0	0.0	0.4253397065897066	0.0	0.47959378127137736	0.4746606029105619	0.5124214276302456	0.4791965627605766	0.47898858781992815
daisy-11-2-0.bam	0.5754716981132075	0.0	0.0	0.40578289634893405	0.0	0.46762521531670254	0.46163241007271894	0.51404666115196	0.4666825113883938	0.4668936366935636
daisy-11-60-0.bam	0.31104866188899805	0.4253397065897066	0.40578289634893405	0.0	0.4289139898383596	0.3090142777891873	0.3025843342157041	0.45792535570761383	0.3052517052018548	0.3097111453781284
daisy-11-7-0.bam	0.5882352941176471	0.0	0.0	0.4289139898383596	0.0	0.4833201258450353	0.47864934747283555	0.5166916061938309	0.48325755058058145	0.4826376936316696
peacemaker-11-0-0.bam	0.4418964218126356	0.47959378127137736	0.46762521531670254	0.3090142777891873	0.4833201258450353	0.0	0.002421088474864545	0.5296987057148591	0.0008394402058837152	0.000950480872192365
peacemaker-11-2-0.bam	0.43786268798145284	0.4746606029105619	0.46163241007271894	0.3025843342157041	0.47864934747283555	0.002421088474864545	0.0	0.525497732348915	0.0015732724164369066	0.0030825323825487004
peacemaker-11-392-1.bam	0.4005497731165139	0.5124214276302456	0.51404666115196	0.45792535570761383	0.5166916061938309	0.5296987057148591	0.525497732348915	0.0	0.5299733977371898	0.5293197378986376
peacemaker-11-60-0.bam	0.4493592454958357	0.4791965627605766	0.4666825113883938	0.3052517052018548	0.48325755058058145	0.0008394402058837152	0.0015732724164369066	0.5299733977371898	0.0	0.0014215600279096669
peacemaker-11-7-0.bam	0.4427047721217551	0.47898858781992815	0.4668936366935636	0.3097111453781284	0.4826376936316696	0.000950480872192365	0.0030825323825487004	0.5293197378986376	0.0014215600279096669	0.0
