	bugkiller-11-0-0.bam	bugkiller-11-2-0.bam	bugkiller-11-7-0.bam	peacemaker-11-0-0.bam	peacemaker-11-2-0.bam	peacemaker-11-392-1.bam	peacemaker-11-60-0.bam	peacemaker-11-7-0.bam	scavenger-11-0-0.bam	scavenger-11-392-0.bam	scavenger-11-60-0.bam	scavenger-11-7-0.bam	tigress-11-0-0.bam	tigress-11-7-0.bam
bugkiller-11-0-0.bam	0.0	0.015772752137629426	0.013613710487223539	0.32351188048790197	0.32502018337359695	0.36024494591635076	0.3234995825929842	0.3261881653864966	0.29784986867243685	0.3039919765641438	0.30081023846200167	0.31731468280123026	0.2496403606372487	0.2848527596721895
bugkiller-11-2-0.bam	0.015772752137629426	0.0	0.012509972247731075	0.3173510638769984	0.318370464514656	0.3528392419870273	0.31641599351818284	0.3190789380918397	0.31055486806004334	0.311164138451286	0.3122486128554263	0.3305184695530901	0.24365869271284407	0.27724747751025564
bugkiller-11-7-0.bam	0.013613710487223539	0.012509972247731075	0.0	0.3180686577804516	0.3195634418798264	0.35595487501249806	0.3181031386574521	0.3203671073126407	0.3072516415541169	0.309334558724844	0.3061356380189615	0.33015905751363833	0.238453967909893	0.27685679214931136
peacemaker-11-0-0.bam	0.32351188048790197	0.3173510638769984	0.3180686577804516	0.0	0.018066945291500106	0.036053858062723	0.014506172055716202	0.01741341567607597	0.3420232441708214	0.33407156198623256	0.3355582327236048	0.345970071124732	0.3015922512638276	0.31973286456331346
peacemaker-11-2-0.bam	0.32502018337359695	0.318370464514656	0.3195634418798264	0.018066945291500106	0.0	0.030098874261390744	0.017616573964408227	0.01919456156023209	0.34328771877449704	0.3318332142267392	0.33488789892199894	0.34654756774012974	0.3005586734472996	0.31787677365603484
peacemaker-11-392-1.bam	0.36024494591635076	0.3528392419870273	0.35595487501249806	0.036053858062723	0.030098874261390744	0.0	0.03398272714992928	0.03723459634619001	0.3496786926517736	0.3319833166196669	0.3370896255390301	0.34088388934475705	0.31783103911586885	0.33758435554467575
peacemaker-11-60-0.bam	0.3234995825929842	0.31641599351818284	0.3181031386574521	0.014506172055716202	0.017616573964408227	0.03398272714992928	0.0	0.014276506572534825	0.34000811081146654	0.33156539827236264	0.33315715887687447	0.3437324109297285	0.3004864275556795	0.3182263021150524
peacemaker-11-7-0.bam	0.3261881653864966	0.3190789380918397	0.3203671073126407	0.01741341567607597	0.01919456156023209	0.03723459634619001	0.014276506572534825	0.0	0.3433438258858779	0.3339469414553251	0.3359962459900013	0.34740097940642567	0.3043212711784619	0.32224978808796134
scavenger-11-0-0.bam	0.29784986867243685	0.31055486806004334	0.3072516415541169	0.3420232441708214	0.34328771877449704	0.3496786926517736	0.34000811081146654	0.3433438258858779	0.0	0.17478405670139588	0.09807204529603901	0.07390703885313146	0.3192895714877824	0.32067597852027946
scavenger-11-392-0.bam	0.3039919765641438	0.311164138451286	0.309334558724844	0.33407156198623256	0.3318332142267392	0.3319833166196669	0.33156539827236264	0.3339469414553251	0.17478405670139588	0.0	0.08589528178509288	0.1324392860466169	0.28141399171197823	0.28256181191366775
scavenger-11-60-0.bam	0.30081023846200167	0.3122486128554263	0.3061356380189615	0.3355582327236048	0.33488789892199894	0.3370896255390301	0.33315715887687447	0.3359962459900013	0.09807204529603901	0.08589528178509288	0.0	0.06632060651689806	0.3008717496386257	0.3007444064171751
scavenger-11-7-0.bam	0.31731468280123026	0.3305184695530901	0.33015905751363833	0.345970071124732	0.34654756774012974	0.34088388934475705	0.3437324109297285	0.34740097940642567	0.07390703885313146	0.1324392860466169	0.06632060651689806	0.0	0.331034399391214	0.3267401360481849
tigress-11-0-0.bam	0.2496403606372487	0.24365869271284407	0.238453967909893	0.3015922512638276	0.3005586734472996	0.31783103911586885	0.3004864275556795	0.3043212711784619	0.3192895714877824	0.28141399171197823	0.3008717496386257	0.331034399391214	0.0	0.00076774750458961
tigress-11-7-0.bam	0.2848527596721895	0.27724747751025564	0.27685679214931136	0.31973286456331346	0.31787677365603484	0.33758435554467575	0.3182263021150524	0.32224978808796134	0.32067597852027946	0.28256181191366775	0.3007444064171751	0.3267401360481849	0.00076774750458961	0.0
