	peacemaker-11-0-0.bam	peacemaker-11-2-0.bam	peacemaker-11-60-0.bam	peacemaker-11-7-0.bam	scavenger-11-0-0.bam	scavenger-11-60-0.bam	scavenger-11-7-0.bam
peacemaker-11-0-0.bam	0.0	0.09961036477518874	0.12058090414755482	0.13440983672633114	0.17540659478691203	0.17864681468504015	0.17611148442477736
peacemaker-11-2-0.bam	0.09961036477518874	0.0	0.12351043596803213	0.14597813298400283	0.1640803216270265	0.16984115901298566	0.1702504547378757
peacemaker-11-60-0.bam	0.12058090414755482	0.12351043596803213	0.0	0.11487944143401758	0.21411583026220363	0.2181599450171432	0.22365552096340266
peacemaker-11-7-0.bam	0.13440983672633114	0.14597813298400283	0.11487944143401758	0.0	0.21707000988016348	0.221343493334989	0.22010531690217502
scavenger-11-0-0.bam	0.17540659478691203	0.1640803216270265	0.21411583026220363	0.21707000988016348	0.0	0.07562477256344699	0.048364938228070226
scavenger-11-60-0.bam	0.17864681468504015	0.16984115901298566	0.2181599450171432	0.221343493334989	0.07562477256344699	0.0	0.07735149384110476
scavenger-11-7-0.bam	0.17611148442477736	0.1702504547378757	0.22365552096340266	0.22010531690217502	0.048364938228070226	0.07735149384110476	0.0
