	bugkiller-11-0-0.bam	bugkiller-11-2-0.bam	bugkiller-11-392-1.bam	bugkiller-11-60-0.bam	bugkiller-11-7-0.bam	peacemaker-11-0-0.bam	peacemaker-11-2-0.bam	peacemaker-11-60-0.bam	peacemaker-11-7-0.bam	scavenger-11-0-0.bam	scavenger-11-392-0.bam	scavenger-11-60-0.bam	scavenger-11-7-0.bam	tigress-11-0-0.bam	tigress-11-2-0.bam	tigress-11-60-0.bam	tigress-11-7-0.bam
bugkiller-11-0-0.bam	0.0	0.0	0.0	0.0	0.0	0.30851063829787234	0.30851063829787234	0.30851063829787234	0.30851063829787234	0.32978723404255317	0.2695035460992908	0.34397163120567376	0.3191489361702128	0.2730496453900709	0.24113475177304963	0.25177304964539005	0.28368794326241137
bugkiller-11-2-0.bam	0.0	0.0	0.0	0.0	0.0	0.3120567375886525	0.3120567375886525	0.3120567375886525	0.3120567375886525	0.32978723404255317	0.2695035460992908	0.34397163120567376	0.3191489361702128	0.2765957446808511	0.24468085106382978	0.2553191489361702	0.2872340425531915
bugkiller-11-392-1.bam	0.0	0.0	0.0	0.0035460992907801418	0.0	0.30141843971631205	0.30141843971631205	0.30141843971631205	0.30141843971631205	0.3191489361702128	0.2624113475177305	0.33687943262411346	0.3049645390070922	0.26595744680851063	0.2375886524822695	0.24468085106382978	0.2765957446808511
bugkiller-11-60-0.bam	0.0	0.0	0.0035460992907801418	0.0	0.0	0.3120567375886525	0.3120567375886525	0.3120567375886525	0.3120567375886525	0.32978723404255317	0.2695035460992908	0.34397163120567376	0.3191489361702128	0.2765957446808511	0.24468085106382978	0.2553191489361702	0.2872340425531915
bugkiller-11-7-0.bam	0.0	0.0	0.0	0.0	0.0	0.3120567375886525	0.3120567375886525	0.3120567375886525	0.3120567375886525	0.32978723404255317	0.2695035460992908	0.34397163120567376	0.3191489361702128	0.2765957446808511	0.24468085106382978	0.2553191489361702	0.2872340425531915
peacemaker-11-0-0.bam	0.30851063829787234	0.3120567375886525	0.30141843971631205	0.3120567375886525	0.3120567375886525	0.0	0.0	0.0	0.0	0.35106382978723405	0.2907801418439716	0.36524822695035464	0.34397163120567376	0.38652482269503546	0.3333333333333333	0.3333333333333333	0.39361702127659576
peacemaker-11-2-0.bam	0.30851063829787234	0.3120567375886525	0.30141843971631205	0.3120567375886525	0.3120567375886525	0.0	0.0	0.0	0.0	0.35106382978723405	0.2907801418439716	0.36524822695035464	0.34397163120567376	0.38652482269503546	0.3333333333333333	0.3333333333333333	0.39361702127659576
peacemaker-11-60-0.bam	0.30851063829787234	0.3120567375886525	0.30141843971631205	0.3120567375886525	0.3120567375886525	0.0	0.0	0.0	0.0	0.35106382978723405	0.2907801418439716	0.36524822695035464	0.34397163120567376	0.38652482269503546	0.3333333333333333	0.3333333333333333	0.39361702127659576
peacemaker-11-7-0.bam	0.30851063829787234	0.3120567375886525	0.30141843971631205	0.3120567375886525	0.3120567375886525	0.0	0.0	0.0	0.0	0.3475177304964539	0.2872340425531915	0.3617021276595745	0.3404255319148936	0.3829787234042553	0.32978723404255317	0.32978723404255317	0.3900709219858156
scavenger-11-0-0.bam	0.32978723404255317	0.32978723404255317	0.3191489361702128	0.32978723404255317	0.32978723404255317	0.35106382978723405	0.35106382978723405	0.35106382978723405	0.3475177304964539	0.0	0.0035460992907801418	0.0035460992907801418	0.0	0.38652482269503546	0.34397163120567376	0.3475177304964539	0.3900709219858156
scavenger-11-392-0.bam	0.2695035460992908	0.2695035460992908	0.2624113475177305	0.2695035460992908	0.2695035460992908	0.2907801418439716	0.2907801418439716	0.2907801418439716	0.2872340425531915	0.0035460992907801418	0.0	0.0035460992907801418	0.0035460992907801418	0.3120567375886525	0.26595744680851063	0.2730496453900709	0.31560283687943264
scavenger-11-60-0.bam	0.34397163120567376	0.34397163120567376	0.33687943262411346	0.34397163120567376	0.34397163120567376	0.36524822695035464	0.36524822695035464	0.36524822695035464	0.3617021276595745	0.0035460992907801418	0.0035460992907801418	0.0	0.010638297872340425	0.40070921985815605	0.35815602836879434	0.3617021276595745	0.40425531914893614
scavenger-11-7-0.bam	0.3191489361702128	0.3191489361702128	0.3049645390070922	0.3191489361702128	0.3191489361702128	0.34397163120567376	0.34397163120567376	0.34397163120567376	0.3404255319148936	0.0	0.0035460992907801418	0.010638297872340425	0.0	0.37943262411347517	0.33687943262411346	0.3404255319148936	0.3829787234042553
tigress-11-0-0.bam	0.2730496453900709	0.2765957446808511	0.26595744680851063	0.2765957446808511	0.2765957446808511	0.38652482269503546	0.38652482269503546	0.38652482269503546	0.3829787234042553	0.38652482269503546	0.3120567375886525	0.40070921985815605	0.37943262411347517	0.0	0.0	0.0	0.0
tigress-11-2-0.bam	0.24113475177304963	0.24468085106382978	0.2375886524822695	0.24468085106382978	0.24468085106382978	0.3333333333333333	0.3333333333333333	0.3333333333333333	0.32978723404255317	0.34397163120567376	0.26595744680851063	0.35815602836879434	0.33687943262411346	0.0	0.0	0.0	0.0
tigress-11-60-0.bam	0.25177304964539005	0.2553191489361702	0.24468085106382978	0.2553191489361702	0.2553191489361702	0.3333333333333333	0.3333333333333333	0.3333333333333333	0.32978723404255317	0.3475177304964539	0.2730496453900709	0.3617021276595745	0.3404255319148936	0.0	0.0	0.0	0.0
tigress-11-7-0.bam	0.28368794326241137	0.2872340425531915	0.2765957446808511	0.2872340425531915	0.2872340425531915	0.39361702127659576	0.39361702127659576	0.39361702127659576	0.3900709219858156	0.3900709219858156	0.31560283687943264	0.40425531914893614	0.3829787234042553	0.0	0.0	0.0	0.0
