	bugkiller-11-2-0.bam	bugkiller-11-7-0.bam	peacemaker-11-0-0.bam	peacemaker-11-60-0.bam	peacemaker-11-7-0.bam	scavenger-11-0-0.bam	scavenger-11-60-0.bam
bugkiller-11-2-0.bam	0.0	0.0	0.32407407407407407	0.3611111111111111	0.3888888888888889	0.32407407407407407	0.3148148148148148
bugkiller-11-7-0.bam	0.0	0.0	0.32407407407407407	0.3611111111111111	0.3888888888888889	0.32407407407407407	0.3148148148148148
peacemaker-11-0-0.bam	0.32407407407407407	0.32407407407407407	0.0	0.0	0.009259259259259259	0.3611111111111111	0.3611111111111111
peacemaker-11-60-0.bam	0.3611111111111111	0.3611111111111111	0.0	0.0	0.009259259259259259	0.3888888888888889	0.3888888888888889
peacemaker-11-7-0.bam	0.3888888888888889	0.3888888888888889	0.009259259259259259	0.009259259259259259	0.0	0.42592592592592593	0.42592592592592593
scavenger-11-0-0.bam	0.32407407407407407	0.32407407407407407	0.3611111111111111	0.3888888888888889	0.42592592592592593	0.0	0.037037037037037035
scavenger-11-60-0.bam	0.3148148148148148	0.3148148148148148	0.3611111111111111	0.3888888888888889	0.42592592592592593	0.037037037037037035	0.0
