	bugkiller-11-392-1.bam	peacemaker-11-0-0.bam	peacemaker-11-2-0.bam	peacemaker-11-392-1.bam	peacemaker-11-60-0.bam	peacemaker-11-7-0.bam	scavenger-11-0-0.bam	scavenger-11-2-0.bam	scavenger-11-60-0.bam	scavenger-11-7-0.bam
bugkiller-11-392-1.bam	0.0	0.4223510112144705	0.42443942821303543	0.41477326623375793	0.43129309706808017	0.42430364000076554	0.37597520887269803	0.3760334903192046	0.3783475361106688	0.38006403342762624
peacemaker-11-0-0.bam	0.4223510112144705	0.0	0.0023872326070571177	0.40943777028823847	0.42498172927251543	0.002483254471838687	0.43047229781699686	0.42064195243314717	0.4362236922274218	0.4378357227590907
peacemaker-11-2-0.bam	0.42443942821303543	0.0023872326070571177	0.0	0.4091843697130803	0.42489339957176425	0.001859905068313794	0.43237577885359463	0.42228122196951196	0.4376942728311191	0.43930205229470715
peacemaker-11-392-1.bam	0.41477326623375793	0.40943777028823847	0.4091843697130803	0.0	0.002597003400974478	0.4091900226407909	0.5121006519279675	0.5061537810752851	0.5137869472335882	0.5149866004388743
peacemaker-11-60-0.bam	0.43129309706808017	0.42498172927251543	0.42489339957176425	0.002597003400974478	0.0	0.42507207563196325	0.5195241798377906	0.5144640100672119	0.5217106696764183	0.5228812403797581
peacemaker-11-7-0.bam	0.42430364000076554	0.002483254471838687	0.001859905068313794	0.4091900226407909	0.42507207563196325	0.0	0.4321352987104121	0.42228602057629405	0.43782790417315925	0.43943993470482806
scavenger-11-0-0.bam	0.37597520887269803	0.43047229781699686	0.43237577885359463	0.5121006519279675	0.5195241798377906	0.4321352987104121	0.0	0.010299431585739259	0.010797998415444645	0.01274890856392935
scavenger-11-2-0.bam	0.3760334903192046	0.42064195243314717	0.42228122196951196	0.5061537810752851	0.5144640100672119	0.42228602057629405	0.010299431585739259	0.0	0.0022035929040088234	0.004301625800176081
scavenger-11-60-0.bam	0.3783475361106688	0.4362236922274218	0.4376942728311191	0.5137869472335882	0.5217106696764183	0.43782790417315925	0.010797998415444645	0.0022035929040088234	0.0	0.0037068237918756594
scavenger-11-7-0.bam	0.38006403342762624	0.4378357227590907	0.43930205229470715	0.5149866004388743	0.5228812403797581	0.43943993470482806	0.01274890856392935	0.004301625800176081	0.0037068237918756594	0.0
