	bugkiller-11-7-0.bam	daisy-11-0-0.bam	daisy-11-60-0.bam	daisy-11-7-0.bam	peacemaker-11-0-0.bam	peacemaker-11-7-0.bam	scavenger-11-2-0.bam	scavenger-11-392-0.bam	scavenger-11-60-0.bam	scavenger-11-7-0.bam	tigress-11-0-0.bam	tigress-11-60-0.bam
bugkiller-11-7-0.bam	0.0	0.5546703296703297	0.5308823529411765	0.5258432539682539	0.37962037962037964	0.38492063492063494	0.3849837662337663	0.4256410256410256	0.30094627594627593	0.3879514925744546	0.42857142857142855	0.5
daisy-11-0-0.bam	0.5546703296703297	0.0	0.06545464339581987	0.08299374236874237	0.30357559107559107	0.3030830280830281	0.19051989676989678	0.2826711749788673	0.2595909645909646	0.22683788471492272	0.2631606488749346	0.12051282051282051
daisy-11-60-0.bam	0.5308823529411765	0.06545464339581987	0.0	0.04327439309056956	0.35712547256664906	0.3401493930905696	0.16673192004074355	0.25339366515837103	0.2342171227465345	0.20304990798576955	0.20196078431372547	0.06895424836601306
daisy-11-7-0.bam	0.5258432539682539	0.08299374236874237	0.04327439309056956	0.0	0.36871219058719057	0.35173611111111114	0.1686372655122655	0.2557387057387057	0.23624949124949127	0.2049552534572915	0.188718820861678	0.0625
peacemaker-11-0-0.bam	0.37962037962037964	0.30357559107559107	0.35712547256664906	0.36871219058719057	0.0	0.04101454101454101	0.3279158341658342	0.3768897768897769	0.27730325230325226	0.3262985802693683	0.5934065934065933	0.4617882117882117
peacemaker-11-7-0.bam	0.38492063492063494	0.3030830280830281	0.3401493930905696	0.35173611111111114	0.04101454101454101	0.0	0.32879689754689756	0.3686202686202686	0.28057590557590556	0.31694682091760895	0.5867346938775511	0.43915343915343913
scavenger-11-2-0.bam	0.3849837662337663	0.19051989676989678	0.16673192004074355	0.1686372655122655	0.3279158341658342	0.32879689754689756	0.0	0.10333000333000332	0.0855905205905206	0.07419134647055843	0.2548237476808905	0.070021645021645
scavenger-11-392-0.bam	0.4256410256410256	0.2826711749788673	0.25339366515837103	0.2557387057387057	0.3768897768897769	0.3686202686202686	0.10333000333000332	0.0	0.1069520757020757	0.10038049603685055	0.33333333333333337	0.16296296296296295
scavenger-11-60-0.bam	0.30094627594627593	0.2595909645909646	0.2342171227465345	0.23624949124949127	0.27730325230325226	0.28057590557590556	0.0855905205905206	0.1069520757020757	0.0	0.07828479853479853	0.33984220907297835	0.15325507825507825
scavenger-11-7-0.bam	0.3879514925744546	0.22683788471492272	0.20304990798576955	0.2049552534572915	0.3262985802693683	0.31694682091760895	0.07419134647055843	0.10038049603685055	0.07828479853479853	0.0	0.2968361801242236	0.10177896228167967
tigress-11-0-0.bam	0.42857142857142855	0.2631606488749346	0.20196078431372547	0.188718820861678	0.5934065934065933	0.5867346938775511	0.2548237476808905	0.33333333333333337	0.33984220907297835	0.2968361801242236	0.0	0.0
tigress-11-60-0.bam	0.5	0.12051282051282051	0.06895424836601306	0.0625	0.4617882117882117	0.43915343915343913	0.070021645021645	0.16296296296296295	0.15325507825507825	0.10177896228167967	0.0	0.0
