	bugkiller-11-7-0.bam	daisy-11-0-0.bam	daisy-11-2-0.bam	daisy-11-60-0.bam	daisy-11-7-0.bam	peacemaker-11-0-0.bam	peacemaker-11-2-0.bam	peacemaker-11-60-0.bam	peacemaker-11-7-0.bam	scavenger-11-0-0.bam	scavenger-11-60-0.bam	scavenger-11-7-0.bam	tigress-11-60-0.bam
bugkiller-11-7-0.bam	0.0	0.13740458015267176	0.14122137404580154	0.13358778625954199	0.13740458015267176	0.04961832061068702	0.04961832061068702	0.0648854961832061	0.061068702290076333	0.03816793893129771	0.022900763358778626	0.04198473282442748	0.061068702290076333
daisy-11-0-0.bam	0.13740458015267176	0.0	0.0	0.0	0.0	0.19083969465648856	0.1717557251908397	0.19083969465648856	0.183206106870229	0.13740458015267176	0.14122137404580154	0.14885496183206107	0.1717557251908397
daisy-11-2-0.bam	0.14122137404580154	0.0	0.0	0.0	0.0	0.183206106870229	0.16793893129770993	0.1946564885496183	0.18702290076335878	0.14885496183206107	0.14122137404580154	0.15267175572519084	0.1717557251908397
daisy-11-60-0.bam	0.13358778625954199	0.0	0.0	0.0	0.0	0.16030534351145037	0.15267175572519084	0.17557251908396945	0.1717557251908397	0.12595419847328243	0.12213740458015267	0.13358778625954199	0.1450381679389313
daisy-11-7-0.bam	0.13740458015267176	0.0	0.0	0.0	0.0	0.17557251908396945	0.16412213740458015	0.1946564885496183	0.183206106870229	0.12595419847328243	0.13358778625954199	0.14122137404580154	0.16793893129770993
peacemaker-11-0-0.bam	0.04961832061068702	0.19083969465648856	0.183206106870229	0.16030534351145037	0.17557251908396945	0.0	0.0	0.003816793893129771	0.007633587786259542	0.0916030534351145	0.06870229007633588	0.0916030534351145	0.15267175572519084
peacemaker-11-2-0.bam	0.04961832061068702	0.1717557251908397	0.16793893129770993	0.15267175572519084	0.16412213740458015	0.0	0.0	0.0	0.007633587786259542	0.0916030534351145	0.07251908396946564	0.09541984732824428	0.13358778625954199
peacemaker-11-60-0.bam	0.0648854961832061	0.19083969465648856	0.1946564885496183	0.17557251908396945	0.1946564885496183	0.003816793893129771	0.0	0.0	0.007633587786259542	0.11450381679389313	0.08778625954198473	0.11450381679389313	0.14885496183206107
peacemaker-11-7-0.bam	0.061068702290076333	0.183206106870229	0.18702290076335878	0.1717557251908397	0.183206106870229	0.007633587786259542	0.007633587786259542	0.007633587786259542	0.0	0.0916030534351145	0.0916030534351145	0.10305343511450382	0.14885496183206107
scavenger-11-0-0.bam	0.03816793893129771	0.13740458015267176	0.14885496183206107	0.12595419847328243	0.12595419847328243	0.0916030534351145	0.0916030534351145	0.11450381679389313	0.0916030534351145	0.0	0.015267175572519083	0.0	0.07251908396946564
scavenger-11-60-0.bam	0.022900763358778626	0.14122137404580154	0.14122137404580154	0.12213740458015267	0.13358778625954199	0.06870229007633588	0.07251908396946564	0.08778625954198473	0.0916030534351145	0.015267175572519083	0.0	0.003816793893129771	0.0648854961832061
scavenger-11-7-0.bam	0.04198473282442748	0.14885496183206107	0.15267175572519084	0.13358778625954199	0.14122137404580154	0.0916030534351145	0.09541984732824428	0.11450381679389313	0.10305343511450382	0.0	0.003816793893129771	0.0	0.07251908396946564
tigress-11-60-0.bam	0.061068702290076333	0.1717557251908397	0.1717557251908397	0.1450381679389313	0.16793893129770993	0.15267175572519084	0.13358778625954199	0.14885496183206107	0.14885496183206107	0.07251908396946564	0.0648854961832061	0.07251908396946564	0.0
