	scavenger-11-0-0.bam	scavenger-11-60-0.bam	scavenger-11-7-0.bam	tigress-11-0-0.bam	tigress-11-2-0.bam	tigress-11-7-0.bam
scavenger-11-0-0.bam	0.0	0.01524986746405964	0.009874937433570699	0.6891083837947894	0.688091953830991	0.6902901036223085
scavenger-11-60-0.bam	0.01524986746405964	0.0	0.009581424672396689	0.6879457352235732	0.6869293052597748	0.6891274550510923
scavenger-11-7-0.bam	0.009874937433570699	0.009581424672396689	0.0	0.6886189140755135	0.6876024841117151	0.6898006339030325
tigress-11-0-0.bam	0.6891083837947894	0.6879457352235732	0.6886189140755135	0.0	0.0017722878625134257	0.0018430954888947698
tigress-11-2-0.bam	0.688091953830991	0.6869293052597748	0.6876024841117151	0.0017722878625134257	0.0	0.002859525452693154
tigress-11-7-0.bam	0.6902901036223085	0.6891274550510923	0.6898006339030325	0.0018430954888947698	0.002859525452693154	0.0
