	bugkiller-11-0-0.bam	bugkiller-11-2-0.bam	bugkiller-11-392-1.bam	bugkiller-11-60-0.bam	bugkiller-11-7-0.bam	daisy-11-0-0.bam	peacemaker-11-0-0.bam	peacemaker-11-2-0.bam	peacemaker-11-60-0.bam	peacemaker-11-7-0.bam	scavenger-11-0-0.bam	scavenger-11-2-0.bam	scavenger-11-392-0.bam	scavenger-11-60-0.bam	scavenger-11-7-0.bam	tigress-11-7-0.bam
bugkiller-11-0-0.bam	0.0	0.0	0.0	0.0	0.0	0.1987179487179487	0.22435897435897437	0.25	0.32051282051282054	0.36538461538461536	0.2564102564102564	0.2692307692307692	0.14102564102564102	0.2948717948717949	0.30128205128205127	0.10256410256410256
bugkiller-11-2-0.bam	0.0	0.0	0.0	0.0	0.0	0.20512820512820512	0.21794871794871795	0.2564102564102564	0.32051282051282054	0.3717948717948718	0.24358974358974358	0.26282051282051283	0.14743589743589744	0.30128205128205127	0.3076923076923077	0.10897435897435898
bugkiller-11-392-1.bam	0.0	0.0	0.0	0.0	0.0	0.19230769230769232	0.21153846153846154	0.24358974358974358	0.3141025641025641	0.3525641025641026	0.25	0.26282051282051283	0.1346153846153846	0.28846153846153844	0.2948717948717949	0.10256410256410256
bugkiller-11-60-0.bam	0.0	0.0	0.0	0.0	0.0	0.20512820512820512	0.22435897435897437	0.2564102564102564	0.3269230769230769	0.3717948717948718	0.26282051282051283	0.27564102564102566	0.14743589743589744	0.30128205128205127	0.3076923076923077	0.10897435897435898
bugkiller-11-7-0.bam	0.0	0.0	0.0	0.0	0.0	0.20512820512820512	0.22435897435897437	0.2564102564102564	0.3269230769230769	0.3717948717948718	0.26282051282051283	0.27564102564102566	0.14743589743589744	0.30128205128205127	0.3076923076923077	0.10897435897435898
daisy-11-0-0.bam	0.1987179487179487	0.20512820512820512	0.19230769230769232	0.20512820512820512	0.20512820512820512	0.0	0.1794871794871795	0.21794871794871795	0.24358974358974358	0.3525641025641026	0.16666666666666666	0.1858974358974359	0.08974358974358974	0.21153846153846154	0.21794871794871795	0.14743589743589744
peacemaker-11-0-0.bam	0.22435897435897437	0.21794871794871795	0.21153846153846154	0.22435897435897437	0.22435897435897437	0.1794871794871795	0.0	0.0	0.00641025641025641	0.0	0.17307692307692307	0.1987179487179487	0.038461538461538464	0.21153846153846154	0.23076923076923078	0.16666666666666666
peacemaker-11-2-0.bam	0.25	0.2564102564102564	0.24358974358974358	0.2564102564102564	0.2564102564102564	0.21794871794871795	0.0	0.0	0.00641025641025641	0.0	0.20512820512820512	0.23076923076923078	0.0641025641025641	0.24358974358974358	0.25	0.16666666666666666
peacemaker-11-60-0.bam	0.32051282051282054	0.32051282051282054	0.3141025641025641	0.3269230769230769	0.3269230769230769	0.24358974358974358	0.00641025641025641	0.00641025641025641	0.0	0.02564102564102564	0.27564102564102566	0.28846153846153844	0.10897435897435898	0.3076923076923077	0.32051282051282054	0.21153846153846154
peacemaker-11-7-0.bam	0.36538461538461536	0.3717948717948718	0.3525641025641026	0.3717948717948718	0.3717948717948718	0.3525641025641026	0.0	0.0	0.02564102564102564	0.0	0.3782051282051282	0.41025641025641024	0.16025641025641027	0.4358974358974359	0.4423076923076923	0.2948717948717949
scavenger-11-0-0.bam	0.2564102564102564	0.24358974358974358	0.25	0.26282051282051283	0.26282051282051283	0.16666666666666666	0.17307692307692307	0.20512820512820512	0.27564102564102566	0.3782051282051282	0.0	0.0	0.03205128205128205	0.0	0.0	0.14743589743589744
scavenger-11-2-0.bam	0.2692307692307692	0.26282051282051283	0.26282051282051283	0.27564102564102566	0.27564102564102566	0.1858974358974359	0.1987179487179487	0.23076923076923078	0.28846153846153844	0.41025641025641024	0.0	0.0	0.07051282051282051	0.0	0.0	0.16666666666666666
scavenger-11-392-0.bam	0.14102564102564102	0.14743589743589744	0.1346153846153846	0.14743589743589744	0.14743589743589744	0.08974358974358974	0.038461538461538464	0.0641025641025641	0.10897435897435898	0.16025641025641027	0.03205128205128205	0.07051282051282051	0.0	0.08333333333333333	0.08974358974358974	0.08333333333333333
scavenger-11-60-0.bam	0.2948717948717949	0.30128205128205127	0.28846153846153844	0.30128205128205127	0.30128205128205127	0.21153846153846154	0.21153846153846154	0.24358974358974358	0.3076923076923077	0.4358974358974359	0.0	0.0	0.08333333333333333	0.0	0.0	0.19230769230769232
scavenger-11-7-0.bam	0.30128205128205127	0.3076923076923077	0.2948717948717949	0.3076923076923077	0.3076923076923077	0.21794871794871795	0.23076923076923078	0.25	0.32051282051282054	0.4423076923076923	0.0	0.0	0.08974358974358974	0.0	0.0	0.1987179487179487
tigress-11-7-0.bam	0.10256410256410256	0.10897435897435898	0.10256410256410256	0.10897435897435898	0.10897435897435898	0.14743589743589744	0.16666666666666666	0.16666666666666666	0.21153846153846154	0.2948717948717949	0.14743589743589744	0.16666666666666666	0.08333333333333333	0.19230769230769232	0.1987179487179487	0.0
