	bugkiller-11-0-0.bam	bugkiller-11-2-0.bam	bugkiller-11-392-1.bam	bugkiller-11-60-0.bam	bugkiller-11-7-0.bam	peacemaker-11-0-0.bam	peacemaker-11-2-0.bam	peacemaker-11-60-0.bam	peacemaker-11-7-0.bam	scavenger-11-392-0.bam
bugkiller-11-0-0.bam	0.0	0.04019923198290157	0.07702726796306646	0.065741919836789	0.06788552193522242	0.33744917550124254	0.347310608402063	0.3475145258640854	0.34286508171583024	0.5912209208443406
bugkiller-11-2-0.bam	0.04019923198290157	0.0	0.0762193024241811	0.06129488814833477	0.05635561240943083	0.34742701301239703	0.35380291277535875	0.3562102489904714	0.35326004937158995	0.5909947053758733
bugkiller-11-392-1.bam	0.07702726796306646	0.0762193024241811	0.0	0.0648617767663524	0.06453821058366065	0.37304715752084167	0.3848206141684403	0.3824974449065659	0.3788505474573586	0.6614837342685445
bugkiller-11-60-0.bam	0.065741919836789	0.06129488814833477	0.0648617767663524	0.0	0.06006880672727161	0.3728429027025864	0.38055139417609757	0.38044190972442105	0.3782588089171741	0.6268064103732773
bugkiller-11-7-0.bam	0.06788552193522242	0.05635561240943083	0.06453821058366065	0.06006880672727161	0.0	0.36603858883571344	0.37532776609961555	0.372865381946093	0.37145449505030115	0.6217056032823673
peacemaker-11-0-0.bam	0.33744917550124254	0.34742701301239703	0.37304715752084167	0.3728429027025864	0.36603858883571344	0.0	0.005386126219459553	0.0049415899014829505	0.006460838294002594	0.4428475135975136
peacemaker-11-2-0.bam	0.347310608402063	0.35380291277535875	0.3848206141684403	0.38055139417609757	0.37532776609961555	0.005386126219459553	0.0	0.0007002801120448195	0.001633986928104575	0.4189189189189189
peacemaker-11-60-0.bam	0.3475145258640854	0.3562102489904714	0.3824974449065659	0.38044190972442105	0.372865381946093	0.0049415899014829505	0.0007002801120448195	0.0	0.002941176470588236	0.42490613266583227
peacemaker-11-7-0.bam	0.34286508171583024	0.35326004937158995	0.3788505474573586	0.3782588089171741	0.37145449505030115	0.006460838294002594	0.001633986928104575	0.002941176470588236	0.0	0.4426470588235294
scavenger-11-392-0.bam	0.5912209208443406	0.5909947053758733	0.6614837342685445	0.6268064103732773	0.6217056032823673	0.4428475135975136	0.4189189189189189	0.42490613266583227	0.4426470588235294	0.0
