	peacemaker-11-0-0.bam	peacemaker-11-2-0.bam	peacemaker-11-60-0.bam	peacemaker-11-7-0.bam	scavenger-11-0-0.bam	scavenger-11-392-0.bam	scavenger-11-60-0.bam	scavenger-11-7-0.bam	tigress-11-0-0.bam	tigress-11-2-0.bam	tigress-11-60-0.bam	tigress-11-7-0.bam
peacemaker-11-0-0.bam	0.0	0.0025824195279564623	0.0021030804266433108	0.004664643422059506	0.5526547930364941	0.525496321864966	0.5596222348618167	0.5615814784331431	0.5341962911155346	0.5327319525758054	0.5344978692366616	0.5314556512828009
peacemaker-11-2-0.bam	0.0025824195279564623	0.0	0.0022050223598211213	0.00258423850809123	0.5499550614854416	0.5192404426559356	0.5579828593356659	0.561579650791097	0.5163073925222262	0.5129549665357063	0.5158933138472781	0.5132352941176471
peacemaker-11-60-0.bam	0.0021030804266433108	0.0022050223598211213	0.0	0.004456577513459095	0.5507000996362436	0.5212802893850141	0.5578559916091184	0.5604070038812305	0.5310383516931864	0.5280797426422225	0.5308037535699714	0.5275620251178341
peacemaker-11-7-0.bam	0.004664643422059506	0.00258423850809123	0.004456577513459095	0.0	0.5524664809364934	0.525552575146993	0.5594861672402626	0.5617454986889353	0.538764193223719	0.5369971958464914	0.538543696627036	0.5356232973633054
scavenger-11-0-0.bam	0.5526547930364941	0.5499550614854416	0.5507000996362436	0.5524664809364934	0.0	0.005973746309155192	0.014642186322990606	0.014963049038473838	0.5700546005716582	0.5717125583045831	0.570565493187814	0.5732474057530206
scavenger-11-392-0.bam	0.525496321864966	0.5192404426559356	0.5212802893850141	0.525552575146993	0.005973746309155192	0.0	0.004537652668855964	0.004628046455595363	0.5584166540423168	0.5595913970683293	0.5589836202382946	0.561890640491993
scavenger-11-60-0.bam	0.5596222348618167	0.5579828593356659	0.5578559916091184	0.5594861672402626	0.014642186322990606	0.004537652668855964	0.0	0.004421509986825574	0.5801018419788609	0.5818278694704572	0.5803223385755438	0.5833323088977277
scavenger-11-7-0.bam	0.5615814784331431	0.561579650791097	0.5604070038812305	0.5617454986889353	0.014963049038473838	0.004628046455595363	0.004421509986825574	0.0	0.5810073078397949	0.5828117473902584	0.5815154086930209	0.5842427498458097
tigress-11-0-0.bam	0.5341962911155346	0.5163073925222262	0.5310383516931864	0.538764193223719	0.5700546005716582	0.5584166540423168	0.5801018419788609	0.5810073078397949	0.0	0.000898478635925702	0.0005081008532259616	0.0006895065718595143
tigress-11-2-0.bam	0.5327319525758054	0.5129549665357063	0.5280797426422225	0.5369971958464914	0.5717125583045831	0.5595913970683293	0.5818278694704572	0.5828117473902584	0.000898478635925702	0.0	0.0006665770428625839	0.0008583361005558973
tigress-11-60-0.bam	0.5344978692366616	0.5158933138472781	0.5308037535699714	0.538543696627036	0.570565493187814	0.5589836202382946	0.5803223385755438	0.5815154086930209	0.0005081008532259616	0.0006665770428625839	0.0	0.00046779845541455514
tigress-11-7-0.bam	0.5314556512828009	0.5132352941176471	0.5275620251178341	0.5356232973633054	0.5732474057530206	0.561890640491993	0.5833323088977277	0.5842427498458097	0.0006895065718595143	0.0008583361005558973	0.00046779845541455514	0.0
