	bugkiller-11-0-0.bam	bugkiller-11-2-0.bam	bugkiller-11-392-1.bam	bugkiller-11-60-0.bam	bugkiller-11-7-0.bam	peacemaker-11-0-0.bam	peacemaker-11-2-0.bam	peacemaker-11-392-1.bam	peacemaker-11-60-0.bam	peacemaker-11-7-0.bam	scavenger-11-0-0.bam	scavenger-11-60-0.bam	scavenger-11-7-0.bam	tigress-11-7-0.bam
bugkiller-11-0-0.bam	0.0	0.005990934330835669	0.002200391640212472	0.003941043528096498	0.005149183261720133	0.32712659922844217	0.3249275842741062	0.32338533372852224	0.3291229812356509	0.328384132640974	0.40261859427517976	0.43824353707389363	0.4318743400480843	0.37587394653922546
bugkiller-11-2-0.bam	0.005990934330835669	0.0	0.004466740897582276	0.00588161586139008	0.006764453731695653	0.3279764626933942	0.32574037859883165	0.32398342855420964	0.3294886045643445	0.32884474913403783	0.401912398118563	0.43858229752056305	0.431638503859307	0.376723378633074
bugkiller-11-392-1.bam	0.002200391640212472	0.004466740897582276	0.0	0.002769398044099122	0.0038268683701318702	0.3250479867649675	0.3224378780859467	0.3204871137677126	0.32645523955518657	0.32593222208896333	0.4032076653511061	0.43987637192815743	0.43298370814185433	0.37297914825491757
bugkiller-11-60-0.bam	0.003941043528096498	0.00588161586139008	0.002769398044099122	0.0	0.001885999492587125	0.32882493676494157	0.3264522929828602	0.324368136926132	0.3302828234375485	0.32949769781176386	0.40285104682507816	0.4390829935460219	0.4321680306514354	0.3770387584472852
bugkiller-11-7-0.bam	0.005149183261720133	0.006764453731695653	0.0038268683701318702	0.001885999492587125	0.0	0.3297209769828533	0.3271781046671269	0.324773297176486	0.3311580934980224	0.3302194994867252	0.4032071523959864	0.4395266182814349	0.4324536267561228	0.37814787494644386
peacemaker-11-0-0.bam	0.32712659922844217	0.3279764626933942	0.3250479867649675	0.32882493676494157	0.3297209769828533	0.0	0.003387362558648219	0.00328046856482774	0.003394138229074498	0.007603276317849617	0.3825216634965815	0.42245200250120135	0.4144937264606696	0.3998983651212316
peacemaker-11-2-0.bam	0.3249275842741062	0.32574037859883165	0.3224378780859467	0.3264522929828602	0.3271781046671269	0.003387362558648219	0.0	0.002787000601164427	0.0022428632217137224	0.008168556846925851	0.3836941387031715	0.4253378364138201	0.4175239634220466	0.3960316685442845
peacemaker-11-392-1.bam	0.32338533372852224	0.32398342855420964	0.3204871137677126	0.324368136926132	0.324773297176486	0.00328046856482774	0.002787000601164427	0.0	0.0031572068178178326	0.007395745725010725	0.38137843133977617	0.4228400885585078	0.41365072483587617	0.40236704267954265
peacemaker-11-60-0.bam	0.3291229812356509	0.3294886045643445	0.32645523955518657	0.3302828234375485	0.3311580934980224	0.003394138229074498	0.0022428632217137224	0.0031572068178178326	0.0	0.007485998374073723	0.38239595496115886	0.4224756476708035	0.41423720348076215	0.4002545770966219
peacemaker-11-7-0.bam	0.328384132640974	0.32884474913403783	0.32593222208896333	0.32949769781176386	0.3302194994867252	0.007603276317849617	0.008168556846925851	0.007395745725010725	0.007485998374073723	0.0	0.3826738851461319	0.4228597166275395	0.41448002727658156	0.40136935924506145
scavenger-11-0-0.bam	0.40261859427517976	0.401912398118563	0.4032076653511061	0.40285104682507816	0.4032071523959864	0.3825216634965815	0.3836941387031715	0.38137843133977617	0.38239595496115886	0.3826738851461319	0.0	0.11086834751875645	0.10291485658692792	0.427204233945793
scavenger-11-60-0.bam	0.43824353707389363	0.43858229752056305	0.43987637192815743	0.4390829935460219	0.4395266182814349	0.42245200250120135	0.4253378364138201	0.4228400885585078	0.4224756476708035	0.4228597166275395	0.11086834751875645	0.0	0.006466548089885576	0.4559774052654113
scavenger-11-7-0.bam	0.4318743400480843	0.431638503859307	0.43298370814185433	0.4321680306514354	0.4324536267561228	0.4144937264606696	0.4175239634220466	0.41365072483587617	0.41423720348076215	0.41448002727658156	0.10291485658692792	0.006466548089885576	0.0	0.4490632436770987
tigress-11-7-0.bam	0.37587394653922546	0.376723378633074	0.37297914825491757	0.3770387584472852	0.37814787494644386	0.3998983651212316	0.3960316685442845	0.40236704267954265	0.4002545770966219	0.40136935924506145	0.427204233945793	0.4559774052654113	0.4490632436770987	0.0
