	bugkiller-11-392-1.bam	daisy-11-0-0.bam	daisy-11-2-0.bam	daisy-11-60-0.bam	daisy-11-7-0.bam	peacemaker-11-0-0.bam	peacemaker-11-2-0.bam	peacemaker-11-392-1.bam	peacemaker-11-60-0.bam	peacemaker-11-7-0.bam	scavenger-11-0-0.bam	scavenger-11-2-0.bam	scavenger-11-392-0.bam	scavenger-11-60-0.bam	scavenger-11-7-0.bam	tigress-11-0-0.bam	tigress-11-2-0.bam	tigress-11-7-0.bam
bugkiller-11-392-1.bam	0.0	0.20761245674740483	0.1903114186851211	0.1972318339100346	0.20069204152249134	0.29411764705882354	0.314878892733564	0.3875432525951557	0.4290657439446367	0.19377162629757785	0.34256055363321797	0.3391003460207612	0.34256055363321797	0.34256055363321797	0.34256055363321797	0.23875432525951557	0.20069204152249134	0.2422145328719723
daisy-11-0-0.bam	0.20761245674740483	0.0	0.0	0.0657439446366782	0.0034602076124567475	0.314878892733564	0.3460207612456747	0.4602076124567474	0.4913494809688581	0.25259515570934254	0.3356401384083045	0.3391003460207612	0.3391003460207612	0.3391003460207612	0.3391003460207612	0.370242214532872	0.3217993079584775	0.3771626297577855
daisy-11-2-0.bam	0.1903114186851211	0.0	0.0	0.02422145328719723	0.0034602076124567475	0.29411764705882354	0.31833910034602075	0.41522491349480967	0.4809688581314879	0.23529411764705882	0.31833910034602075	0.31833910034602075	0.31833910034602075	0.31833910034602075	0.31833910034602075	0.36678200692041524	0.31141868512110726	0.370242214532872
daisy-11-60-0.bam	0.1972318339100346	0.0657439446366782	0.02422145328719723	0.0	0.06920415224913495	0.20069204152249134	0.2179930795847751	0.27335640138408307	0.3044982698961938	0.16608996539792387	0.28719723183391005	0.2906574394463668	0.2906574394463668	0.2906574394463668	0.2906574394463668	0.2698961937716263	0.2422145328719723	0.2768166089965398
daisy-11-7-0.bam	0.20069204152249134	0.0034602076124567475	0.0034602076124567475	0.06920415224913495	0.0	0.314878892733564	0.3460207612456747	0.4290657439446367	0.4844290657439446	0.2629757785467128	0.33217993079584773	0.33217993079584773	0.33217993079584773	0.33217993079584773	0.33217993079584773	0.370242214532872	0.314878892733564	0.3737024221453287
peacemaker-11-0-0.bam	0.29411764705882354	0.314878892733564	0.29411764705882354	0.20069204152249134	0.314878892733564	0.0	0.0	0.006920415224913495	0.01730103806228374	0.0	0.35294117647058826	0.3633217993079585	0.36678200692041524	0.36678200692041524	0.36678200692041524	0.29411764705882354	0.2664359861591695	0.30103806228373703
peacemaker-11-2-0.bam	0.314878892733564	0.3460207612456747	0.31833910034602075	0.2179930795847751	0.3460207612456747	0.0	0.0	0.010380622837370242	0.01730103806228374	0.0	0.3944636678200692	0.39792387543252594	0.4013840830449827	0.4013840830449827	0.4013840830449827	0.3217993079584775	0.28027681660899656	0.328719723183391
peacemaker-11-392-1.bam	0.3875432525951557	0.4602076124567474	0.41522491349480967	0.27335640138408307	0.4290657439446367	0.006920415224913495	0.010380622837370242	0.0	0.0	0.02422145328719723	0.4602076124567474	0.45674740484429066	0.4602076124567474	0.4602076124567474	0.4602076124567474	0.3944636678200692	0.3494809688581315	0.3944636678200692
peacemaker-11-60-0.bam	0.4290657439446367	0.4913494809688581	0.4809688581314879	0.3044982698961938	0.4844290657439446	0.01730103806228374	0.01730103806228374	0.0	0.0	0.03806228373702422	0.4844290657439446	0.4809688581314879	0.4844290657439446	0.4844290657439446	0.4844290657439446	0.42560553633217996	0.3806228373702422	0.42560553633217996
peacemaker-11-7-0.bam	0.19377162629757785	0.25259515570934254	0.23529411764705882	0.16608996539792387	0.2629757785467128	0.0	0.0	0.02422145328719723	0.03806228373702422	0.0	0.3079584775086505	0.31141868512110726	0.31141868512110726	0.31141868512110726	0.31141868512110726	0.21107266435986158	0.17647058823529413	0.2179930795847751
scavenger-11-0-0.bam	0.34256055363321797	0.3356401384083045	0.31833910034602075	0.28719723183391005	0.33217993079584773	0.35294117647058826	0.3944636678200692	0.4602076124567474	0.4844290657439446	0.3079584775086505	0.0	0.0	0.0	0.0	0.0	0.3875432525951557	0.32525951557093424	0.3875432525951557
scavenger-11-2-0.bam	0.3391003460207612	0.3391003460207612	0.31833910034602075	0.2906574394463668	0.33217993079584773	0.3633217993079585	0.39792387543252594	0.45674740484429066	0.4809688581314879	0.31141868512110726	0.0	0.0	0.0	0.0	0.0	0.3806228373702422	0.31833910034602075	0.3806228373702422
scavenger-11-392-0.bam	0.34256055363321797	0.3391003460207612	0.31833910034602075	0.2906574394463668	0.33217993079584773	0.36678200692041524	0.4013840830449827	0.4602076124567474	0.4844290657439446	0.31141868512110726	0.0	0.0	0.0	0.0	0.0	0.3875432525951557	0.32525951557093424	0.3875432525951557
scavenger-11-60-0.bam	0.34256055363321797	0.3391003460207612	0.31833910034602075	0.2906574394463668	0.33217993079584773	0.36678200692041524	0.4013840830449827	0.4602076124567474	0.4844290657439446	0.31141868512110726	0.0	0.0	0.0	0.0	0.0	0.3875432525951557	0.32525951557093424	0.3875432525951557
scavenger-11-7-0.bam	0.34256055363321797	0.3391003460207612	0.31833910034602075	0.2906574394463668	0.33217993079584773	0.36678200692041524	0.4013840830449827	0.4602076124567474	0.4844290657439446	0.31141868512110726	0.0	0.0	0.0	0.0	0.0	0.3875432525951557	0.32525951557093424	0.3875432525951557
tigress-11-0-0.bam	0.23875432525951557	0.370242214532872	0.36678200692041524	0.2698961937716263	0.370242214532872	0.29411764705882354	0.3217993079584775	0.3944636678200692	0.42560553633217996	0.21107266435986158	0.3875432525951557	0.3806228373702422	0.3875432525951557	0.3875432525951557	0.3875432525951557	0.0	0.0	0.0
tigress-11-2-0.bam	0.20069204152249134	0.3217993079584775	0.31141868512110726	0.2422145328719723	0.314878892733564	0.2664359861591695	0.28027681660899656	0.3494809688581315	0.3806228373702422	0.17647058823529413	0.32525951557093424	0.31833910034602075	0.32525951557093424	0.32525951557093424	0.32525951557093424	0.0	0.0	0.0
tigress-11-7-0.bam	0.2422145328719723	0.3771626297577855	0.370242214532872	0.2768166089965398	0.3737024221453287	0.30103806228373703	0.328719723183391	0.3944636678200692	0.42560553633217996	0.2179930795847751	0.3875432525951557	0.3806228373702422	0.3875432525951557	0.3875432525951557	0.3875432525951557	0.0	0.0	0.0
