	bugkiller-11-0-0.bam	bugkiller-11-2-0.bam	daisy-11-0-0.bam	peacemaker-11-0-0.bam	peacemaker-11-2-0.bam	peacemaker-11-392-1.bam	peacemaker-11-60-0.bam	peacemaker-11-7-0.bam	scavenger-11-0-0.bam	scavenger-11-392-0.bam	scavenger-11-60-0.bam	scavenger-11-7-0.bam	tigress-11-0-0.bam	tigress-11-2-0.bam	tigress-11-60-0.bam	tigress-11-7-0.bam
bugkiller-11-0-0.bam	0.0	0.0924709969231056	0.30892636581932287	0.29338883424543233	0.2933922732543177	0.2659808006750731	0.2916714786136219	0.28803287002487077	0.2570151251371744	0.2690013449018323	0.2536026758735885	0.2641519594342637	0.25971471137565333	0.2525791709732095	0.2599637544209429	0.2583702282435545
bugkiller-11-2-0.bam	0.0924709969231056	0.0	0.2970191407847135	0.23823928197307195	0.23913304924466	0.2169907684463659	0.23730096651628135	0.2330095712661764	0.2585008120619764	0.2665158015108146	0.2512153195603286	0.2616413752357055	0.23292414558832145	0.22775721260828025	0.23336166694924002	0.23155781475862475
daisy-11-0-0.bam	0.30892636581932287	0.2970191407847135	0.0	0.3121099718470419	0.3115833753150129	0.30616448895131393	0.31148430182664383	0.3103812749033138	0.3008512204502021	0.3041598706734172	0.28852543954476834	0.29986138126988005	0.29285609687683883	0.2916294526876689	0.29576331483683005	0.2930130056705861
peacemaker-11-0-0.bam	0.29338883424543233	0.23823928197307195	0.3121099718470419	0.0	0.013476955015128673	0.049872578868081725	0.009560238787068001	0.013893770243592448	0.2988481464615772	0.30010275365160777	0.29436366211629045	0.3040045557083014	0.19177001014044448	0.19810933756592208	0.19199730018099828	0.18988887920630876
peacemaker-11-2-0.bam	0.2933922732543177	0.23913304924466	0.3115833753150129	0.013476955015128673	0.0	0.04779829632018975	0.01348250534335015	0.018929785586449567	0.2983293384044828	0.30171984539968283	0.2937740379739112	0.3041545707636332	0.19412035418694115	0.19761030142167263	0.19381245048682624	0.19187270510759932
peacemaker-11-392-1.bam	0.2659808006750731	0.2169907684463659	0.30616448895131393	0.049872578868081725	0.04779829632018975	0.0	0.04925093946193166	0.05048384182377357	0.2763886862870478	0.28121601891915465	0.2704415843906815	0.28193297328968164	0.18353373012620922	0.1824968843786502	0.18466356354087668	0.18260846183967802
peacemaker-11-60-0.bam	0.2916714786136219	0.23730096651628135	0.31148430182664383	0.009560238787068001	0.01348250534335015	0.04925093946193166	0.0	0.0140749165602396	0.2965446176919936	0.29803908446088473	0.2922499038618355	0.3028709662934627	0.1925363303314333	0.198795540743971	0.19348258889951875	0.19024680663789348
peacemaker-11-7-0.bam	0.28803287002487077	0.2330095712661764	0.3103812749033138	0.013893770243592448	0.018929785586449567	0.05048384182377357	0.0140749165602396	0.0	0.29337909603222684	0.2960136486128028	0.2892948731098815	0.300485391238581	0.19031413099742153	0.1957587063995811	0.19194425488333314	0.1888051091413643
scavenger-11-0-0.bam	0.2570151251371744	0.2585008120619764	0.3008512204502021	0.2988481464615772	0.2983293384044828	0.2763886862870478	0.2965446176919936	0.29337909603222684	0.0	0.03846513445253462	0.04672614735654772	0.04056379469640604	0.2680253434908946	0.2628530294188467	0.27189658246136783	0.26855833070667173
scavenger-11-392-0.bam	0.2690013449018323	0.2665158015108146	0.3041598706734172	0.30010275365160777	0.30171984539968283	0.28121601891915465	0.29803908446088473	0.2960136486128028	0.03846513445253462	0.0	0.053772115491550886	0.0404511671308224	0.27278213924956857	0.2693130690393823	0.2759186927480466	0.2731107984636091
scavenger-11-60-0.bam	0.2536026758735885	0.2512153195603286	0.28852543954476834	0.29436366211629045	0.2937740379739112	0.2704415843906815	0.2922499038618355	0.2892948731098815	0.04672614735654772	0.053772115491550886	0.0	0.05813764690569769	0.2652675184853871	0.2589413909180866	0.26980982839242046	0.26552710974166044
scavenger-11-7-0.bam	0.2641519594342637	0.2616413752357055	0.29986138126988005	0.3040045557083014	0.3041545707636332	0.28193297328968164	0.3028709662934627	0.300485391238581	0.04056379469640604	0.0404511671308224	0.05813764690569769	0.0	0.26967773299030723	0.2643166894229366	0.2740972652121728	0.2701068333686144
tigress-11-0-0.bam	0.25971471137565333	0.23292414558832145	0.29285609687683883	0.19177001014044448	0.19412035418694115	0.18353373012620922	0.1925363303314333	0.19031413099742153	0.2680253434908946	0.27278213924956857	0.2652675184853871	0.26967773299030723	0.0	0.02115522503192966	0.013710042026753527	0.01155945359646758
tigress-11-2-0.bam	0.2525791709732095	0.22775721260828025	0.2916294526876689	0.19810933756592208	0.19761030142167263	0.1824968843786502	0.198795540743971	0.1957587063995811	0.2628530294188467	0.2693130690393823	0.2589413909180866	0.2643166894229366	0.02115522503192966	0.0	0.02511925515017028	0.022009473858136508
tigress-11-60-0.bam	0.2599637544209429	0.23336166694924002	0.29576331483683005	0.19199730018099828	0.19381245048682624	0.18466356354087668	0.19348258889951875	0.19194425488333314	0.27189658246136783	0.2759186927480466	0.26980982839242046	0.2740972652121728	0.013710042026753527	0.02511925515017028	0.0	0.013291076635864088
tigress-11-7-0.bam	0.2583702282435545	0.23155781475862475	0.2930130056705861	0.18988887920630876	0.19187270510759932	0.18260846183967802	0.19024680663789348	0.1888051091413643	0.26855833070667173	0.2731107984636091	0.26552710974166044	0.2701068333686144	0.01155945359646758	0.022009473858136508	0.013291076635864088	0.0
