	bugkiller-11-2-0.bam	peacemaker-11-0-0.bam	peacemaker-11-2-0.bam	peacemaker-11-60-0.bam	peacemaker-11-7-0.bam	scavenger-11-0-0.bam	scavenger-11-392-0.bam	scavenger-11-60-0.bam	scavenger-11-7-0.bam	tigress-11-0-0.bam	tigress-11-60-0.bam	tigress-11-7-0.bam
bugkiller-11-2-0.bam	0.0	0.11192214111922141	0.1192214111922141	0.072992700729927	0.12165450121654502	0.15815085158150852	0.0851581508515815	0.1362530413625304	0.15085158150851583	0.07542579075425791	0.07542579075425791	0.04866180048661801
peacemaker-11-0-0.bam	0.11192214111922141	0.0	0.0	0.009732360097323601	0.0	0.18004866180048662	0.1192214111922141	0.170316301703163	0.18491484184914841	0.12408759124087591	0.1070559610705596	0.09002433090024331
peacemaker-11-2-0.bam	0.1192214111922141	0.0	0.0	0.014598540145985401	0.0024330900243309003	0.19464720194647203	0.11678832116788321	0.17761557177615572	0.19464720194647203	0.13138686131386862	0.11678832116788321	0.09732360097323602
peacemaker-11-60-0.bam	0.072992700729927	0.009732360097323601	0.014598540145985401	0.0	0.0072992700729927005	0.12652068126520682	0.06326034063260341	0.11192214111922141	0.12895377128953772	0.0705596107055961	0.0681265206812652	0.046228710462287104
peacemaker-11-7-0.bam	0.12165450121654502	0.0	0.0024330900243309003	0.0072992700729927005	0.0	0.19951338199513383	0.1192214111922141	0.17518248175182483	0.1897810218978102	0.12408759124087591	0.11192214111922141	0.09002433090024331
scavenger-11-0-0.bam	0.15815085158150852	0.18004866180048662	0.19464720194647203	0.12652068126520682	0.19951338199513383	0.0	0.06326034063260341	0.0	0.0	0.17274939172749393	0.15571776155717762	0.15815085158150852
scavenger-11-392-0.bam	0.0851581508515815	0.1192214111922141	0.11678832116788321	0.06326034063260341	0.1192214111922141	0.06326034063260341	0.0	0.06082725060827251	0.06082725060827251	0.0851581508515815	0.0851581508515815	0.0681265206812652
scavenger-11-60-0.bam	0.1362530413625304	0.170316301703163	0.17761557177615572	0.11192214111922141	0.17518248175182483	0.0	0.06082725060827251	0.0	0.0	0.145985401459854	0.14841849148418493	0.13381995133819952
scavenger-11-7-0.bam	0.15085158150851583	0.18491484184914841	0.19464720194647203	0.12895377128953772	0.1897810218978102	0.0	0.06082725060827251	0.0	0.0	0.17274939172749393	0.16058394160583941	0.1435523114355231
tigress-11-0-0.bam	0.07542579075425791	0.12408759124087591	0.13138686131386862	0.0705596107055961	0.12408759124087591	0.17274939172749393	0.0851581508515815	0.145985401459854	0.17274939172749393	0.0	0.0024330900243309003	0.0
tigress-11-60-0.bam	0.07542579075425791	0.1070559610705596	0.11678832116788321	0.0681265206812652	0.11192214111922141	0.15571776155717762	0.0851581508515815	0.14841849148418493	0.16058394160583941	0.0024330900243309003	0.0	0.0024330900243309003
tigress-11-7-0.bam	0.04866180048661801	0.09002433090024331	0.09732360097323602	0.046228710462287104	0.09002433090024331	0.15815085158150852	0.0681265206812652	0.13381995133819952	0.1435523114355231	0.0	0.0024330900243309003	0.0
