	bugkiller-11-392-1.bam	daisy-11-0-0.bam	daisy-11-2-0.bam	daisy-11-60-0.bam	daisy-11-7-0.bam	peacemaker-11-0-0.bam	peacemaker-11-2-0.bam	peacemaker-11-392-1.bam	peacemaker-11-60-0.bam	peacemaker-11-7-0.bam	scavenger-11-0-0.bam	scavenger-11-2-0.bam	scavenger-11-392-0.bam	scavenger-11-60-0.bam	scavenger-11-7-0.bam	tigress-11-0-0.bam	tigress-11-2-0.bam	tigress-11-7-0.bam
bugkiller-11-392-1.bam	0.0	0.2378097101857407	0.2500317997984008	0.31349008740700807	0.2367113124547656	0.3578387717288006	0.366885319941442	0.41365389044392525	0.4382889734071939	0.3414076448090838	0.35143116915560557	0.3548462669445656	0.35582775842272996	0.355690498843909	0.35588378339174204	0.2523465703600212	0.24036668192918192	0.2511631010792112
daisy-11-0-0.bam	0.2378097101857407	0.0	0.07345782900235025	0.20729893649587974	0.05542529197734444	0.4036224285900763	0.40898816576075453	0.4490272861811697	0.47123122671793277	0.3888210248443533	0.34729155695839936	0.35542669792505494	0.35330059759926186	0.3533741610395185	0.35341779456607425	0.37137697329328495	0.3699847018371485	0.3738092236983134
daisy-11-2-0.bam	0.2500317997984008	0.07345782900235025	0.0	0.16050692818822168	0.0713585402367539	0.4029951647043979	0.40738576965392437	0.45255510667911225	0.47340407284282526	0.38723175019427003	0.3555865550945591	0.3656821453009283	0.3633616763596423	0.363304815364694	0.3633180592052708	0.3914275079981829	0.38727689554564165	0.39432434719866416
daisy-11-60-0.bam	0.31349008740700807	0.20729893649587974	0.16050692818822168	0.0	0.19225489505490262	0.35599201120471335	0.3548238469410567	0.3986652642526373	0.4191892684949457	0.3436885878583771	0.37891451984909685	0.3884711248809308	0.3874606874274424	0.3873372503622309	0.38733330144084416	0.3855169063712876	0.38242920219230153	0.3883830576246352
daisy-11-7-0.bam	0.2367113124547656	0.05542529197734444	0.0713585402367539	0.19225489505490262	0.0	0.4083981176806413	0.41267842790618336	0.45336345405292017	0.4743694397417864	0.39353260670201257	0.3500397500298144	0.3592502373959578	0.3568329381910426	0.35674637633061984	0.35681626527202337	0.3753988585905969	0.3697373926039945	0.3779663785505953
peacemaker-11-0-0.bam	0.3578387717288006	0.4036224285900763	0.4029951647043979	0.35599201120471335	0.4083981176806413	0.0	0.04450810224844997	0.12462736854828824	0.1522881986497003	0.06455627870282067	0.43679952389172666	0.44482928739303534	0.44463160952379593	0.44475605984440625	0.44481756129874034	0.36185167628539383	0.3665003146410282	0.36375692946521393
peacemaker-11-2-0.bam	0.366885319941442	0.40898816576075453	0.40738576965392437	0.3548238469410567	0.41267842790618336	0.04450810224844997	0.0	0.10905728988643197	0.14213415629830026	0.0758470479870412	0.44799162511378204	0.4563125791149371	0.4558546054566769	0.4559790557772871	0.45602346978662145	0.3710440580330535	0.3716940928992846	0.3734057700368684
peacemaker-11-392-1.bam	0.41365389044392525	0.4490272861811697	0.45255510667911225	0.3986652642526373	0.45336345405292017	0.12462736854828824	0.10905728988643197	0.0	0.05315452958946348	0.17069044449607787	0.4743900311517423	0.4811676263454706	0.4816596437760768	0.4817871832890424	0.48186334507629874	0.4065028282894042	0.41034573927000617	0.4051657889633338
peacemaker-11-60-0.bam	0.4382889734071939	0.47123122671793277	0.47340407284282526	0.4191892684949457	0.4743694397417864	0.1522881986497003	0.14213415629830026	0.05315452958946348	0.0	0.20794597765778108	0.47593633833715143	0.48356186264936846	0.48344089788890726	0.48348160354741077	0.48346987408691566	0.42071577694346524	0.4320923012374921	0.4195126804637523
peacemaker-11-7-0.bam	0.3414076448090838	0.3888210248443533	0.38723175019427003	0.3436885878583771	0.39353260670201257	0.06455627870282067	0.0758470479870412	0.17069044449607787	0.20794597765778108	0.0	0.44355274278515083	0.4516850009183478	0.45141934420387814	0.45154379452448834	0.4516052959788224	0.3560711666534185	0.3541144792616505	0.35777384716392163
scavenger-11-0-0.bam	0.35143116915560557	0.34729155695839936	0.3555865550945591	0.37891451984909685	0.3500397500298144	0.43679952389172666	0.44799162511378204	0.4743900311517423	0.47593633833715143	0.44355274278515083	0.0	0.008920342173464714	0.010169326362671507	0.00978072101203354	0.009626656841201847	0.3830933752772043	0.3694737955911936	0.38615704818382807
scavenger-11-2-0.bam	0.3548462669445656	0.35542669792505494	0.3656821453009283	0.3884711248809308	0.3592502373959578	0.44482928739303534	0.4563125791149371	0.4811676263454706	0.48356186264936846	0.4516850009183478	0.008920342173464714	0.0	0.0005562132597399037	0.0005204189114194806	0.0004647705843475912	0.3836722574219915	0.36978479027326594	0.3869996881967789
scavenger-11-392-0.bam	0.35582775842272996	0.35330059759926186	0.3633616763596423	0.3874606874274424	0.3568329381910426	0.44463160952379593	0.4558546054566769	0.4816596437760768	0.48344089788890726	0.45141934420387814	0.010169326362671507	0.0005562132597399037	0.0	0.0009354882753806279	0.0008625868181349689	0.38784500404667266	0.3739513000073868	0.39116381636685965
scavenger-11-60-0.bam	0.355690498843909	0.3533741610395185	0.363304815364694	0.3873372503622309	0.35674637633061984	0.44475605984440625	0.4559790557772871	0.4817871832890424	0.48348160354741077	0.45154379452448834	0.00978072101203354	0.0005204189114194806	0.0009354882753806279	0.0	0.0006778961144392875	0.3877711312507022	0.3739611264553605	0.39108968706812536
scavenger-11-7-0.bam	0.35588378339174204	0.35341779456607425	0.3633180592052708	0.38733330144084416	0.35681626527202337	0.44481756129874034	0.45602346978662145	0.48186334507629874	0.48346987408691566	0.4516052959788224	0.009626656841201847	0.0004647705843475912	0.0008625868181349689	0.0006778961144392875	0.0	0.3879629581221599	0.3742105788420409	0.391282180005109
tigress-11-0-0.bam	0.2523465703600212	0.37137697329328495	0.3914275079981829	0.3855169063712876	0.3753988585905969	0.36185167628539383	0.3710440580330535	0.4065028282894042	0.42071577694346524	0.3560711666534185	0.3830933752772043	0.3836722574219915	0.38784500404667266	0.3877711312507022	0.3879629581221599	0.0	0.007490047073540074	0.0035474048536348612
tigress-11-2-0.bam	0.24036668192918192	0.3699847018371485	0.38727689554564165	0.38242920219230153	0.3697373926039945	0.3665003146410282	0.3716940928992846	0.41034573927000617	0.4320923012374921	0.3541144792616505	0.3694737955911936	0.36978479027326594	0.3739513000073868	0.3739611264553605	0.3742105788420409	0.007490047073540074	0.0	0.0067944001808619495
tigress-11-7-0.bam	0.2511631010792112	0.3738092236983134	0.39432434719866416	0.3883830576246352	0.3779663785505953	0.36375692946521393	0.3734057700368684	0.4051657889633338	0.4195126804637523	0.35777384716392163	0.38615704818382807	0.3869996881967789	0.39116381636685965	0.39108968706812536	0.391282180005109	0.0035474048536348612	0.0067944001808619495	0.0
