	bugkiller-11-2-0.bam	peacemaker-11-0-0.bam	peacemaker-11-2-0.bam	peacemaker-11-60-0.bam	peacemaker-11-7-0.bam	scavenger-11-0-0.bam	scavenger-11-392-0.bam	scavenger-11-60-0.bam	scavenger-11-7-0.bam	tigress-11-0-0.bam	tigress-11-60-0.bam	tigress-11-7-0.bam
bugkiller-11-2-0.bam	0.0	0.18811679132728948	0.19233778924909453	0.1700421144912341	0.187904837149663	0.20631882135723206	0.18348932521572958	0.20259390855215428	0.20393985175716467	0.17666254721820787	0.18100511955767842	0.1714601874348157
peacemaker-11-0-0.bam	0.18811679132728948	0.0	0.04688545249819196	0.0699536105464451	0.04708608264834907	0.21201920777361039	0.1974059609277993	0.21281786148586623	0.21615099341616628	0.18707823685421343	0.18985598422395994	0.18391126813301398
peacemaker-11-2-0.bam	0.19233778924909453	0.04688545249819196	0.0	0.08260607197758668	0.04891078372023164	0.2203227036763776	0.2011239499746895	0.22082810417913198	0.2233145848896251	0.19418645080644945	0.19372953485557998	0.19076625918913412
peacemaker-11-60-0.bam	0.1700421144912341	0.0699536105464451	0.08260607197758668	0.0	0.08106733755510818	0.20114370009758367	0.1871201479995159	0.20059853020135165	0.2047789072282618	0.17578889975808146	0.1856963576550755	0.17121953309218318
peacemaker-11-7-0.bam	0.187904837149663	0.04708608264834907	0.04891078372023164	0.08106733755510818	0.0	0.21572283386988156	0.20022888351594517	0.21894885860717136	0.21851543754800534	0.19329302894891762	0.19200932805673612	0.19021245451731597
scavenger-11-0-0.bam	0.20631882135723206	0.21201920777361039	0.2203227036763776	0.20114370009758367	0.21572283386988156	0.0	0.13355147965630335	0.04374585033675201	0.028858512476416548	0.21596434480022558	0.2175778132194688	0.22254476172072654
scavenger-11-392-0.bam	0.18348932521572958	0.1974059609277993	0.2011239499746895	0.1871201479995159	0.20022888351594517	0.13355147965630335	0.0	0.12374618230115098	0.12701532098604928	0.1820988576053225	0.19073214313375034	0.18093238004556597
scavenger-11-60-0.bam	0.20259390855215428	0.21281786148586623	0.22082810417913198	0.20059853020135165	0.21894885860717136	0.04374585033675201	0.12374618230115098	0.0	0.03879553227284826	0.21056991889766616	0.21333881121780757	0.21682549328713194
scavenger-11-7-0.bam	0.20393985175716467	0.21615099341616628	0.2233145848896251	0.2047789072282618	0.21851543754800534	0.028858512476416548	0.12701532098604928	0.03879553227284826	0.0	0.2151221784861569	0.21875037691127097	0.22128547423262043
tigress-11-0-0.bam	0.17666254721820787	0.18707823685421343	0.19418645080644945	0.17578889975808146	0.19329302894891762	0.21596434480022558	0.1820988576053225	0.21056991889766616	0.2151221784861569	0.0	0.056756686397481396	0.059421631079555864
tigress-11-60-0.bam	0.18100511955767842	0.18985598422395994	0.19372953485557998	0.1856963576550755	0.19200932805673612	0.2175778132194688	0.19073214313375034	0.21333881121780757	0.21875037691127097	0.056756686397481396	0.0	0.08290806546928031
tigress-11-7-0.bam	0.1714601874348157	0.18391126813301398	0.19076625918913412	0.17121953309218318	0.19021245451731597	0.22254476172072654	0.18093238004556597	0.21682549328713194	0.22128547423262043	0.059421631079555864	0.08290806546928031	0.0
