	bugkiller-11-392-1.bam	bugkiller-11-7-0.bam	daisy-11-0-0.bam	daisy-11-2-0.bam	daisy-11-60-0.bam	daisy-11-7-0.bam	peacemaker-11-2-0.bam	peacemaker-11-392-1.bam	peacemaker-11-7-0.bam	scavenger-11-392-0.bam	tigress-11-0-0.bam	tigress-11-60-0.bam	tigress-11-7-0.bam
bugkiller-11-392-1.bam	0.0	0.0022282608695652177	0.45739130434782604	0.43414772727272727	0.4622282608695652	0.45875	0.4607224321896194	0.46557921085734383	0.44299304131540973	0.17948529411764705	0.4613024691358025	0.4888953488372093	0.4617635658914729
bugkiller-11-7-0.bam	0.0022282608695652177	0.0	0.45516304347826086	0.4318181818181818	0.46	0.45652173913043476	0.4608830867524479	0.46335094998777865	0.4401458190931875	0.17647058823529413	0.4608024691358025	0.4883720930232558	0.4612403100775194
daisy-11-0-0.bam	0.45739130434782604	0.45516304347826086	0.0	0.0014204545454545455	0.00483695652173913	0.001358695652173913	0.26114615796803625	0.24929462587710668	0.26410415242652086	0.43933823529411764	0.1609567901234568	0.16424418604651161	0.19137596899224804
daisy-11-2-0.bam	0.43414772727272727	0.4318181818181818	0.0014204545454545455	0.0	0.0036363636363636364	0.0	0.2482706244785451	0.23647847250788426	0.2483896908045515	0.40625	0.14373385012919895	0.14634146341463414	0.17479674796747965
daisy-11-60-0.bam	0.4622282608695652	0.46	0.00483695652173913	0.0036363636363636364	0.0	0.0034782608695652175	0.26326572318542757	0.251414191094498	0.26236804131540975	0.44588235294117645	0.16312345679012347	0.16651162790697674	0.19364341085271317
daisy-11-7-0.bam	0.45875	0.45652173913043476	0.001358695652173913	0.0	0.0034782608695652175	0.0	0.25978746231586236	0.24793593022493277	0.26236804131540975	0.4411764705882353	0.1595679012345679	0.16279069767441862	0.18992248062015502
peacemaker-11-2-0.bam	0.4607224321896194	0.4608830867524479	0.26114615796803625	0.2482706244785451	0.26326572318542757	0.25978746231586236	0.0	0.039161385479880795	0.0186120504907525	0.4142106318364591	0.1751725099793189	0.1819588703195671	0.18908565201499095
peacemaker-11-392-1.bam	0.46557921085734383	0.46335094998777865	0.24929462587710668	0.23647847250788426	0.251414191094498	0.24793593022493277	0.039161385479880795	0.0	0.03179167323904167	0.41953363821875933	0.1642480866990671	0.1637538703886173	0.1760864990003157
peacemaker-11-7-0.bam	0.44299304131540973	0.4401458190931875	0.26410415242652086	0.2483896908045515	0.26236804131540975	0.26236804131540975	0.0186120504907525	0.03179167323904167	0.0	0.4102187286397812	0.18375315995616748	0.1909815861968972	0.19531059052590155
scavenger-11-392-0.bam	0.17948529411764705	0.17647058823529413	0.43933823529411764	0.40625	0.44588235294117645	0.4411764705882353	0.4142106318364591	0.41953363821875933	0.4102187286397812	0.0	0.3897306397306397	0.41935483870967744	0.34946236559139787
tigress-11-0-0.bam	0.4613024691358025	0.4608024691358025	0.1609567901234568	0.14373385012919895	0.16312345679012347	0.1595679012345679	0.1751725099793189	0.1642480866990671	0.18375315995616748	0.3897306397306397	0.0	0.01025132275132275	0.014219576719576719
tigress-11-60-0.bam	0.4888953488372093	0.4883720930232558	0.16424418604651161	0.14634146341463414	0.16651162790697674	0.16279069767441862	0.1819588703195671	0.1637538703886173	0.1909815861968972	0.41935483870967744	0.01025132275132275	0.0	0.004166666666666667
tigress-11-7-0.bam	0.4617635658914729	0.4612403100775194	0.19137596899224804	0.17479674796747965	0.19364341085271317	0.18992248062015502	0.18908565201499095	0.1760864990003157	0.19531059052590155	0.34946236559139787	0.014219576719576719	0.004166666666666667	0.0
