	daisy-11-0-0.bam	daisy-11-2-0.bam	daisy-11-7-0.bam	peacemaker-11-0-0.bam	peacemaker-11-2-0.bam	peacemaker-11-392-1.bam	peacemaker-11-60-0.bam	peacemaker-11-7-0.bam	scavenger-11-392-0.bam	scavenger-11-60-0.bam	scavenger-11-7-0.bam
daisy-11-0-0.bam	0.0	0.0	0.0017921146953405027	0.3733144712430426	0.37490597067209264	0.371957671957672	0.3740842490842491	0.37332710862122626	0.4714285714285714	0.45996732026143794	0.4802564102564103
daisy-11-2-0.bam	0.0	0.0	0.002020202020202021	0.3995822167250738	0.40098037314007845	0.3968253968253968	0.3994708994708994	0.39977448174169483	0.42857142857142855	0.4143897996357013	0.43477011494252876
daisy-11-7-0.bam	0.0017921146953405027	0.002020202020202021	0.0	0.3582275502275502	0.35941105539448087	0.3561253561253561	0.3584155161078238	0.3564529868384743	0.4478632478632479	0.43474426807760136	0.45462962962962966
peacemaker-11-0-0.bam	0.3733144712430426	0.3995822167250738	0.3582275502275502	0.0	0.005437097158688073	0.0032423385848043404	0.005281522130837199	0.0082520713506629	0.3996394473106802	0.3859360201613723	0.40279921059332824
peacemaker-11-2-0.bam	0.37490597067209264	0.40098037314007845	0.35941105539448087	0.005437097158688073	0.0	0.005078299485693547	0.006611987064732896	0.009816069150665317	0.40159503350833214	0.3882332332268292	0.4036541337779691
peacemaker-11-392-1.bam	0.371957671957672	0.3968253968253968	0.3561253561253561	0.0032423385848043404	0.005078299485693547	0.0	0.00305389688951333	0.005961696102541174	0.3967529173008625	0.38367240479916537	0.3997004357298475
peacemaker-11-60-0.bam	0.3740842490842491	0.3994708994708994	0.3584155161078238	0.005281522130837199	0.006611987064732896	0.00305389688951333	0.0	0.008058321438603128	0.39980681419037584	0.386812326953172	0.40052790346907996
peacemaker-11-7-0.bam	0.37332710862122626	0.39977448174169483	0.3564529868384743	0.0082520713506629	0.009816069150665317	0.005961696102541174	0.008058321438603128	0.0	0.41389075191892094	0.39899547580707	0.4182259098925766
scavenger-11-392-0.bam	0.4714285714285714	0.42857142857142855	0.4478632478632479	0.3996394473106802	0.40159503350833214	0.3967529173008625	0.39980681419037584	0.41389075191892094	0.0	0.003912363067292645	0.0031862745098039215
scavenger-11-60-0.bam	0.45996732026143794	0.4143897996357013	0.43474426807760136	0.3859360201613723	0.3882332332268292	0.38367240479916537	0.386812326953172	0.39899547580707	0.003912363067292645	0.0	0.007491582491582491
scavenger-11-7-0.bam	0.4802564102564103	0.43477011494252876	0.45462962962962966	0.40279921059332824	0.4036541337779691	0.3997004357298475	0.40052790346907996	0.4182259098925766	0.0031862745098039215	0.007491582491582491	0.0
