	bugkiller-11-0-0.bam	bugkiller-11-2-0.bam	bugkiller-11-392-1.bam	bugkiller-11-60-0.bam	bugkiller-11-7-0.bam	daisy-11-0-0.bam	daisy-11-2-0.bam	daisy-11-60-0.bam	daisy-11-7-0.bam	peacemaker-11-0-0.bam	peacemaker-11-2-0.bam	peacemaker-11-392-1.bam	peacemaker-11-60-0.bam	peacemaker-11-7-0.bam	scavenger-11-0-0.bam	scavenger-11-2-0.bam	scavenger-11-392-0.bam	scavenger-11-60-0.bam	scavenger-11-7-0.bam	tigress-11-0-0.bam	tigress-11-2-0.bam	tigress-11-60-0.bam	tigress-11-7-0.bam
bugkiller-11-0-0.bam	0.0	0.1305164747824441	0.01653310587947909	0.017949878807700312	0.01477531766536972	0.07152466226950988	0.07162249913509108	0.07142917103643429	0.07159852149467144	0.107811398462464	0.10086332638813371	0.0845026251017012	0.1114262008718524	0.10439631982702649	0.6632912487293842	0.7612698514836176	0.2422572561432481	0.32445169043740407	0.5932410976405589	0.29220313680802185	0.27091865585320973	0.2462647250644996	0.2973015840782043
bugkiller-11-2-0.bam	0.1305164747824441	0.0	0.13415100502554628	0.12740518982804072	0.13082450802305895	0.12187954760761288	0.12197738447319409	0.1217840563745373	0.12195340683277445	0.10973742141169647	0.11027336347605352	0.10425276632622472	0.10327048521423828	0.10929298981338685	0.6702000228547528	0.7563221691908545	0.26122731097331703	0.33961448262121413	0.6107441878532827	0.29970628131904753	0.28128278552139657	0.2552286335766669	0.30594491964460097
bugkiller-11-392-1.bam	0.01653310587947909	0.13415100502554628	0.0	0.02348089197907037	0.0184373310944834	0.07194145787997822	0.07203972957607312	0.0718455422414223	0.07201564536836273	0.11167601978735565	0.1046181738245743	0.08774124691134448	0.11605824587268254	0.1094911791619322	0.661437994179255	0.7594431972004149	0.24502243604941684	0.3264156876337198	0.5934434633423371	0.29206295156440754	0.27143417908206147	0.24658347239843667	0.29722883754493007
bugkiller-11-60-0.bam	0.017949878807700312	0.12740518982804072	0.02348089197907037	0.0	0.016700204079286494	0.07396285250230325	0.07406200555890126	0.07386607663380512	0.07403770534932799	0.10231210643434871	0.09604929229627439	0.08202315362885357	0.10697860863635346	0.09933810568834012	0.6656569684784452	0.7663984614652336	0.23574892588207316	0.3198688348212302	0.5923032806992455	0.2939426951391432	0.2722863667776745	0.24800951451889167	0.29961815598657005
bugkiller-11-7-0.bam	0.01477531766536972	0.13082450802305895	0.0184373310944834	0.016700204079286494	0.0	0.07691728357027171	0.0768630194007006	0.07682179233719612	0.07699114279543326	0.10514516814476156	0.09818401677610676	0.0845934560351884	0.11088493850553327	0.10255886047115584	0.6625563974410071	0.7591513210494801	0.24055542498476404	0.32267136914890066	0.5925639420738964	0.29280833465981493	0.271523853705003	0.24674723227086084	0.2979067819299974
daisy-11-0-0.bam	0.07152466226950988	0.12187954760761288	0.07194145787997822	0.07396285250230325	0.07691728357027171	0.0	0.0005459224272780868	0.0002423376695051195	0.00046259760087835985	0.10328191737431701	0.10223597039709076	0.078508504533459	0.08765853121378725	0.09416495314622711	0.6352278205382746	0.73554775907597	0.21491791913363031	0.2943829919040951	0.5545838563783575	0.2795685199251034	0.2576411954841286	0.23420359184782333	0.28480554092434696
daisy-11-2-0.bam	0.07162249913509108	0.12197738447319409	0.07203972957607312	0.07406200555890126	0.0768630194007006	0.0005459224272780868	0.0	0.00038314138600216197	0.0005088837793846101	0.10330143957156085	0.10221274110872045	0.07852802673070286	0.08763488483775245	0.09411892306552927	0.6351560676643313	0.7355226705707852	0.21481139512238082	0.2943387887204661	0.5545279319264873	0.2795077954624872	0.25758047102151244	0.23414286738520715	0.2847448164617308
daisy-11-60-0.bam	0.07142917103643429	0.1217840563745373	0.0718455422414223	0.07386607663380512	0.07682179233719612	0.0002423376695051195	0.00038314138600216197	0.0	0.0003561831680236062	0.10318642614124145	0.10214047916401517	0.07841301330038346	0.08756303998071169	0.09406946191315153	0.6353227767107428	0.7356852008847058	0.21495704375828473	0.2944784831371707	0.554679347611433	0.27956831318299286	0.257640988742018	0.23420338510571273	0.28480533418223636
daisy-11-7-0.bam	0.07159852149467144	0.12195340683277445	0.07201564536836273	0.07403770534932799	0.07699114279543326	0.00046259760087835985	0.0005088837793846101	0.0003561831680236062	0.0	0.10335577659947859	0.10230982962225234	0.0785823637586206	0.08773239043894884	0.09423881237138867	0.6353267096900687	0.7359197239967856	0.21509690440910087	0.29456197717956567	0.5547628416538279	0.27957649531788836	0.2576491708769135	0.23421156724060826	0.2848135163171319
peacemaker-11-0-0.bam	0.107811398462464	0.10973742141169647	0.11167601978735565	0.10231210643434871	0.10514516814476156	0.10328191737431701	0.10330143957156085	0.10318642614124145	0.10335577659947859	0.0	0.014307730952862295	0.048653350577305764	0.026200439454283634	0.013623402322994457	0.6567518624858266	0.7506032817889395	0.25602894915736174	0.33332784657811715	0.6013598207446339	0.26117329071737	0.24059857411903335	0.21726683437491687	0.2650730521937102
peacemaker-11-2-0.bam	0.10086332638813371	0.11027336347605352	0.1046181738245743	0.09604929229627439	0.09818401677610676	0.10223597039709076	0.10221274110872045	0.10214047916401517	0.10230982962225234	0.014307730952862295	0.0	0.04144723529491884	0.030422729365343425	0.02072888613187074	0.6567768368384954	0.7462716558995495	0.2576107645614751	0.33464632361975155	0.6017930828963176	0.25894471126428403	0.2388284856397024	0.2152830974367027	0.2635777086840144
peacemaker-11-392-1.bam	0.0845026251017012	0.10425276632622472	0.08774124691134448	0.08202315362885357	0.0845934560351884	0.078508504533459	0.07852802673070286	0.07841301330038346	0.0785823637586206	0.048653350577305764	0.04144723529491884	0.0	0.043670965978497116	0.04418138456813562	0.6449730516107018	0.7403133039017499	0.2512741195658168	0.3301755557682554	0.5925803818998194	0.26417348724937234	0.24058851822280353	0.21812136576262803	0.26764746120491484
peacemaker-11-60-0.bam	0.1114262008718524	0.10327048521423828	0.11605824587268254	0.10697860863635346	0.11088493850553327	0.08765853121378725	0.08763488483775245	0.08756303998071169	0.08773239043894884	0.026200439454283634	0.030422729365343425	0.043670965978497116	0.0	0.01877828227614647	0.645593843343632	0.7460032485231302	0.24515080661988628	0.3243827185212142	0.5890336064171371	0.2637540603112393	0.2403622139657219	0.21839384814713994	0.2672280342667819
peacemaker-11-7-0.bam	0.10439631982702649	0.10929298981338685	0.1094911791619322	0.09933810568834012	0.10255886047115584	0.09416495314622711	0.09411892306552927	0.09406946191315153	0.09423881237138867	0.013623402322994457	0.02072888613187074	0.04418138456813562	0.01877828227614647	0.0	0.6480878887407509	0.74327812613071	0.2478811040063093	0.3256313301535598	0.592846719882277	0.26081087899871136	0.23769235869462046	0.2162723235582391	0.264441765276705
scavenger-11-0-0.bam	0.6632912487293842	0.6702000228547528	0.661437994179255	0.6656569684784452	0.6625563974410071	0.6352278205382746	0.6351560676643313	0.6353227767107428	0.6353267096900687	0.6567518624858266	0.6567768368384954	0.6449730516107018	0.645593843343632	0.6480878887407509	0.0	0.047322047404455884	0.511434523066216	0.4139356994504005	0.11311039745003061	0.5012072244838917	0.5169287577222492	0.5475468371856376	0.48886174520850856
scavenger-11-2-0.bam	0.7612698514836176	0.7563221691908545	0.7594431972004149	0.7663984614652336	0.7591513210494801	0.73554775907597	0.7355226705707852	0.7356852008847058	0.7359197239967856	0.7506032817889395	0.7462716558995495	0.7403133039017499	0.7460032485231302	0.74327812613071	0.047322047404455884	0.0	0.5701836560189051	0.44447840875682104	0.09588560435855127	0.5472832824564499	0.5674941570475907	0.6059550598167274	0.5312571420937755
scavenger-11-392-0.bam	0.2422572561432481	0.26122731097331703	0.24502243604941684	0.23574892588207316	0.24055542498476404	0.21491791913363031	0.21481139512238082	0.21495704375828473	0.21509690440910087	0.25602894915736174	0.2576107645614751	0.2512741195658168	0.24515080661988628	0.2478811040063093	0.511434523066216	0.5701836560189051	0.0	0.09866937494529557	0.39746421927781966	0.20515863945561724	0.1968819164348759	0.18530986790649745	0.20539906082870463
scavenger-11-60-0.bam	0.32445169043740407	0.33961448262121413	0.3264156876337198	0.3198688348212302	0.32267136914890066	0.2943829919040951	0.2943387887204661	0.2944784831371707	0.29456197717956567	0.33332784657811715	0.33464632361975155	0.3301755557682554	0.3243827185212142	0.3256313301535598	0.4139356994504005	0.44447840875682104	0.09866937494529557	0.0	0.30252707224243724	0.21455490633642804	0.2234967795393511	0.24494506603807573	0.2060342659285144
scavenger-11-7-0.bam	0.5932410976405589	0.6107441878532827	0.5934434633423371	0.5923032806992455	0.5925639420738964	0.5545838563783575	0.5545279319264873	0.554679347611433	0.5547628416538279	0.6013598207446339	0.6017930828963176	0.5925803818998194	0.5890336064171371	0.592846719882277	0.11311039745003061	0.09588560435855127	0.39746421927781966	0.30252707224243724	0.0	0.4574254594682694	0.4721905938073215	0.5023872259034619	0.44544188940695695
tigress-11-0-0.bam	0.29220313680802185	0.29970628131904753	0.29206295156440754	0.2939426951391432	0.29280833465981493	0.2795685199251034	0.2795077954624872	0.27956831318299286	0.27957649531788836	0.26117329071737	0.25894471126428403	0.26417348724937234	0.2637540603112393	0.26081087899871136	0.5012072244838917	0.5472832824564499	0.20515863945561724	0.21455490633642804	0.4574254594682694	0.0	0.052558677048960174	0.058791539882173116	0.044584655668237716
tigress-11-2-0.bam	0.27091865585320973	0.28128278552139657	0.27143417908206147	0.2722863667776745	0.271523853705003	0.2576411954841286	0.25758047102151244	0.257640988742018	0.2576491708769135	0.24059857411903335	0.2388284856397024	0.24058851822280353	0.2403622139657219	0.23769235869462046	0.5169287577222492	0.5674941570475907	0.1968819164348759	0.2234967795393511	0.4721905938073215	0.052558677048960174	0.0	0.051112514678223656	0.06080573502010511
tigress-11-60-0.bam	0.2462647250644996	0.2552286335766669	0.24658347239843667	0.24800951451889167	0.24674723227086084	0.23420359184782333	0.23414286738520715	0.23420338510571273	0.23421156724060826	0.21726683437491687	0.2152830974367027	0.21812136576262803	0.21839384814713994	0.2162723235582391	0.5475468371856376	0.6059550598167274	0.18530986790649745	0.24494506603807573	0.5023872259034619	0.058791539882173116	0.051112514678223656	0.0	0.06644873480666987
tigress-11-7-0.bam	0.2973015840782043	0.30594491964460097	0.29722883754493007	0.29961815598657005	0.2979067819299974	0.28480554092434696	0.2847448164617308	0.28480533418223636	0.2848135163171319	0.2650730521937102	0.2635777086840144	0.26764746120491484	0.2672280342667819	0.264441765276705	0.48886174520850856	0.5312571420937755	0.20539906082870463	0.2060342659285144	0.44544188940695695	0.044584655668237716	0.06080573502010511	0.06644873480666987	0.0
