	peacemaker-11-0-0.bam	peacemaker-11-2-0.bam	peacemaker-11-60-0.bam	peacemaker-11-7-0.bam	scavenger-11-0-0.bam	scavenger-11-60-0.bam	scavenger-11-7-0.bam
peacemaker-11-0-0.bam	0.0	0.002369186287709042	0.0015586229194514386	0.0015418804004697594	0.544218580780246	0.5337048364709326	0.5412000539305619
peacemaker-11-2-0.bam	0.002369186287709042	0.0	0.0014994845671349193	0.0018336955353720468	0.544350667619921	0.5337405284773706	0.5402669270879825
peacemaker-11-60-0.bam	0.0015586229194514386	0.0014994845671349193	0.0	0.0009490145604466869	0.5433524361856182	0.5327422970430677	0.5405726013039494
peacemaker-11-7-0.bam	0.0015418804004697594	0.0018336955353720468	0.0009490145604466869	0.0	0.5439639065488716	0.5333537674063211	0.5411840716672027
scavenger-11-0-0.bam	0.544218580780246	0.544350667619921	0.5433524361856182	0.5439639065488716	0.0	0.034719374783005935	0.027324998645333363
scavenger-11-60-0.bam	0.5337048364709326	0.5337405284773706	0.5327422970430677	0.5333537674063211	0.034719374783005935	0.0	0.03570282179614872
scavenger-11-7-0.bam	0.5412000539305619	0.5402669270879825	0.5405726013039494	0.5411840716672027	0.027324998645333363	0.03570282179614872	0.0
