	bugkiller-11-392-1.bam	bugkiller-11-7-0.bam	peacemaker-11-0-0.bam	peacemaker-11-2-0.bam	peacemaker-11-7-0.bam	scavenger-11-0-0.bam	scavenger-11-392-0.bam	scavenger-11-60-0.bam	scavenger-11-7-0.bam
bugkiller-11-392-1.bam	0.0	0.004901960784313725	0.4196622652369468	0.41055970696257077	0.4456101132655851	0.278520091020091	0.3015406162464986	0.2823633432152702	0.27807505798018134
bugkiller-11-7-0.bam	0.004901960784313725	0.0	0.4245642260212605	0.4154616677468845	0.45051207404989885	0.27361813023577725	0.2966386554621849	0.2774613824309564	0.2731730971958676
peacemaker-11-0-0.bam	0.4196622652369468	0.4245642260212605	0.0	0.0702261898109885	0.08851918310636728	0.29195704561996244	0.28800960417252097	0.2890003983681833	0.3064768190154474
peacemaker-11-2-0.bam	0.41055970696257077	0.4154616677468845	0.0702261898109885	0.0	0.13316861510099162	0.2660477646565108	0.2759191840867537	0.27371609614116554	0.28687005906039914
peacemaker-11-7-0.bam	0.4456101132655851	0.45051207404989885	0.08851918310636728	0.13316861510099162	0.0	0.3196590218733172	0.33019121843492555	0.32176172277551546	0.3339525509249107
scavenger-11-0-0.bam	0.278520091020091	0.27361813023577725	0.29195704561996244	0.2660477646565108	0.3196590218733172	0.0	0.030084049936991118	0.0261657009882162	0.03674288551423276
scavenger-11-392-0.bam	0.3015406162464986	0.2966386554621849	0.28800960417252097	0.2759191840867537	0.33019121843492555	0.030084049936991118	0.0	0.04752171425599417	0.05941327068461793
scavenger-11-60-0.bam	0.2823633432152702	0.2774613824309564	0.2890003983681833	0.27371609614116554	0.32176172277551546	0.0261657009882162	0.04752171425599417	0.0	0.0377473098705841
scavenger-11-7-0.bam	0.27807505798018134	0.2731730971958676	0.3064768190154474	0.28687005906039914	0.3339525509249107	0.03674288551423276	0.05941327068461793	0.0377473098705841	0.0
