	bugkiller-11-0-0.bam	bugkiller-11-7-0.bam	daisy-11-0-0.bam	daisy-11-2-0.bam	daisy-11-60-0.bam	daisy-11-7-0.bam	peacemaker-11-0-0.bam	peacemaker-11-2-0.bam	peacemaker-11-7-0.bam	scavenger-11-0-0.bam	scavenger-11-7-0.bam
bugkiller-11-0-0.bam	0.0	0.0	0.3032258064516129	0.2967741935483871	0.3032258064516129	0.27741935483870966	0.23225806451612904	0.2129032258064516	0.23870967741935484	0.432258064516129	0.5548387096774193
bugkiller-11-7-0.bam	0.0	0.0	0.2709677419354839	0.2645161290322581	0.2709677419354839	0.24516129032258063	0.23225806451612904	0.1870967741935484	0.22580645161290322	0.4	0.5225806451612903
daisy-11-0-0.bam	0.3032258064516129	0.2709677419354839	0.0	0.0	0.0	0.0	0.27741935483870966	0.23225806451612904	0.25806451612903225	0.45806451612903226	0.6
daisy-11-2-0.bam	0.2967741935483871	0.2645161290322581	0.0	0.0	0.0	0.0	0.2645161290322581	0.22580645161290322	0.24516129032258063	0.43870967741935485	0.5806451612903226
daisy-11-60-0.bam	0.3032258064516129	0.2709677419354839	0.0	0.0	0.0	0.0	0.27741935483870966	0.23225806451612904	0.25806451612903225	0.45806451612903226	0.6
daisy-11-7-0.bam	0.27741935483870966	0.24516129032258063	0.0	0.0	0.0	0.0	0.25806451612903225	0.2129032258064516	0.23870967741935484	0.43870967741935485	0.5806451612903226
peacemaker-11-0-0.bam	0.23225806451612904	0.23225806451612904	0.27741935483870966	0.2645161290322581	0.27741935483870966	0.25806451612903225	0.0	0.01935483870967742	0.0064516129032258064	0.4064516129032258	0.535483870967742
peacemaker-11-2-0.bam	0.2129032258064516	0.1870967741935484	0.23225806451612904	0.22580645161290322	0.23225806451612904	0.2129032258064516	0.01935483870967742	0.0	0.012903225806451613	0.32903225806451614	0.43870967741935485
peacemaker-11-7-0.bam	0.23870967741935484	0.22580645161290322	0.25806451612903225	0.24516129032258063	0.25806451612903225	0.23870967741935484	0.0064516129032258064	0.012903225806451613	0.0	0.3741935483870968	0.4967741935483871
scavenger-11-0-0.bam	0.432258064516129	0.4	0.45806451612903226	0.43870967741935485	0.45806451612903226	0.43870967741935485	0.4064516129032258	0.32903225806451614	0.3741935483870968	0.0	0.0
scavenger-11-7-0.bam	0.5548387096774193	0.5225806451612903	0.6	0.5806451612903226	0.6	0.5806451612903226	0.535483870967742	0.43870967741935485	0.4967741935483871	0.0	0.0
