	bugkiller-11-0-0.bam	bugkiller-11-2-0.bam	bugkiller-11-392-1.bam	bugkiller-11-60-0.bam	bugkiller-11-7-0.bam	daisy-11-0-0.bam	peacemaker-11-0-0.bam	peacemaker-11-2-0.bam	peacemaker-11-60-0.bam	peacemaker-11-7-0.bam	scavenger-11-0-0.bam	scavenger-11-2-0.bam	scavenger-11-392-0.bam	scavenger-11-60-0.bam	scavenger-11-7-0.bam	tigress-11-7-0.bam
bugkiller-11-0-0.bam	0.0	0.017333399672235676	0.007572247120377313	0.00025974025974025974	0.0017230360644611773	0.2108077485380117	0.35353773965187235	0.3541505629246707	0.41112680747325564	0.41769679712950514	0.2725246003571313	0.28529155241244625	0.2649495790557497	0.2940823178855268	0.29084463994917953	0.14193690148235602
bugkiller-11-2-0.bam	0.017333399672235676	0.0	0.019532261048351686	0.016854766343104448	0.017425340226168595	0.21825537846409612	0.35510967579544794	0.3568585008752741	0.4127119794855042	0.4188486621008	0.2624706007437242	0.2755523082559003	0.2632843196934597	0.2838043087785759	0.28103420236267557	0.1521425524192896
bugkiller-11-392-1.bam	0.007572247120377313	0.019532261048351686	0.0	0.007863516638294491	0.00932681244301541	0.21018578797318407	0.34315815113790005	0.34457851672070383	0.40071567857659174	0.40771399815629483	0.26577993406138145	0.2788998972460132	0.2571955582731445	0.2875127584316004	0.28402008434984616	0.13741592339080377
bugkiller-11-60-0.bam	0.00025974025974025974	0.016854766343104448	0.007863516638294491	0.0	0.0014445356020962906	0.21430375180375183	0.35565491284450534	0.35746848798908154	0.4131245752704163	0.4197945401754984	0.27520170228800706	0.2877878145610046	0.2732169975925551	0.29646587791263546	0.2932697086677798	0.14698261937067905
bugkiller-11-7-0.bam	0.0017230360644611773	0.017425340226168595	0.00932681244301541	0.0014445356020962906	0.0	0.2146191632347819	0.3565866279337811	0.35840020307835735	0.4140745592830112	0.420577179534303	0.27499654637297316	0.2887195296502804	0.27386430298819614	0.29720718934616097	0.2942014237570556	0.148365810071627
daisy-11-0-0.bam	0.2108077485380117	0.21825537846409612	0.21018578797318407	0.21430375180375183	0.2146191632347819	0.0	0.30412381086526535	0.3032007341239662	0.35230309947541444	0.39453183087191596	0.1946415916928749	0.19825513178358864	0.2045544657500193	0.21341457651358825	0.21104750605526248	0.20830354409899862
peacemaker-11-0-0.bam	0.35353773965187235	0.35510967579544794	0.34315815113790005	0.35565491284450534	0.3565866279337811	0.30412381086526535	0.0	0.06420695558754563	0.13220013546070142	0.13294777206466124	0.32216446261732873	0.3363066268424389	0.241695467817124	0.34886867423766826	0.34714766749572223	0.3251055439452644
peacemaker-11-2-0.bam	0.3541505629246707	0.3568585008752741	0.34457851672070383	0.35746848798908154	0.35840020307835735	0.3032007341239662	0.06420695558754563	0.0	0.12338669734239406	0.1280435910451111	0.3215974934884304	0.3355183708534807	0.23652631379522288	0.34854334143890586	0.34687531202266453	0.3101772550553215
peacemaker-11-60-0.bam	0.41112680747325564	0.4127119794855042	0.40071567857659174	0.4131245752704163	0.4140745592830112	0.35230309947541444	0.13220013546070142	0.12338669734239406	0.0	0.16036549407107334	0.37599865961427115	0.3883078416388038	0.28662020809410266	0.40138568414403286	0.3989386900193897	0.35732574268361894
peacemaker-11-7-0.bam	0.41769679712950514	0.4188486621008	0.40771399815629483	0.4197945401754984	0.420577179534303	0.39453183087191596	0.13294777206466124	0.1280435910451111	0.16036549407107334	0.0	0.4304909708668333	0.4440571390452047	0.3324920392436568	0.4556197607106539	0.4548981796984881	0.4011689659304615
scavenger-11-0-0.bam	0.2725246003571313	0.2624706007437242	0.26577993406138145	0.27520170228800706	0.27499654637297316	0.1946415916928749	0.32216446261732873	0.3215974934884304	0.37599865961427115	0.4304909708668333	0.0	0.0385897176184756	0.14780898457302388	0.05117656293220718	0.048180681952367826	0.20304223290705511
scavenger-11-2-0.bam	0.28529155241244625	0.2755523082559003	0.2788998972460132	0.2877878145610046	0.2887195296502804	0.19825513178358864	0.3363066268424389	0.3355183708534807	0.3883078416388038	0.4440571390452047	0.0385897176184756	0.0	0.1621341108603663	0.03943686606832742	0.03511172236041488	0.21576643359566974
scavenger-11-392-0.bam	0.2649495790557497	0.2632843196934597	0.2571955582731445	0.2732169975925551	0.27386430298819614	0.2045544657500193	0.241695467817124	0.23652631379522288	0.28662020809410266	0.3324920392436568	0.14780898457302388	0.1621341108603663	0.0	0.1837467860649555	0.1784759453891362	0.20556753188332136
scavenger-11-60-0.bam	0.2940823178855268	0.2838043087785759	0.2875127584316004	0.29646587791263546	0.29720718934616097	0.21341457651358825	0.34886867423766826	0.34854334143890586	0.40138568414403286	0.4556197607106539	0.05117656293220718	0.03943686606832742	0.1837467860649555	0.0	0.01579164178072659	0.23590816844846535
scavenger-11-7-0.bam	0.29084463994917953	0.28103420236267557	0.28402008434984616	0.2932697086677798	0.2942014237570556	0.21104750605526248	0.34714766749572223	0.34687531202266453	0.3989386900193897	0.4548981796984881	0.048180681952367826	0.03511172236041488	0.1784759453891362	0.01579164178072659	0.0	0.22890895917516457
tigress-11-7-0.bam	0.14193690148235602	0.1521425524192896	0.13741592339080377	0.14698261937067905	0.148365810071627	0.20830354409899862	0.3251055439452644	0.3101772550553215	0.35732574268361894	0.4011689659304615	0.20304223290705511	0.21576643359566974	0.20556753188332136	0.23590816844846535	0.22890895917516457	0.0
