	bugkiller-11-0-0.bam	bugkiller-11-7-0.bam	peacemaker-11-0-0.bam	peacemaker-11-2-0.bam	peacemaker-11-392-1.bam	peacemaker-11-60-0.bam	peacemaker-11-7-0.bam	scavenger-11-7-0.bam
bugkiller-11-0-0.bam	0.0	0.0011655011655011655	0.2092898397813416	0.19878045328596758	0.23197177401722854	0.21916902947604702	0.20782678068891594	0.3003829503829504
bugkiller-11-7-0.bam	0.0011655011655011655	0.0	0.20812433861584043	0.1976149521204664	0.2308062728517274	0.21800352831054587	0.2066612795234148	0.30154845154845156
peacemaker-11-0-0.bam	0.2092898397813416	0.20812433861584043	0.0	0.04689109336483044	0.0629207889484259	0.060889389982511505	0.0353331262835984	0.3112696505601405
peacemaker-11-2-0.bam	0.19878045328596758	0.1976149521204664	0.04689109336483044	0.0	0.09224297599034662	0.08435234337882085	0.03952035114322603	0.3215733608614838
peacemaker-11-392-1.bam	0.23197177401722854	0.2308062728517274	0.0629207889484259	0.09224297599034662	0.0	0.053607177570494956	0.0719687893684047	0.34836001540546996
peacemaker-11-60-0.bam	0.21916902947604702	0.21800352831054587	0.060889389982511505	0.08435234337882085	0.053607177570494956	0.0	0.06215170955531215	0.3248830685234194
peacemaker-11-7-0.bam	0.20782678068891594	0.2066612795234148	0.0353331262835984	0.03952035114322603	0.0719687893684047	0.06215170955531215	0.0	0.3125444314591983
scavenger-11-7-0.bam	0.3003829503829504	0.30154845154845156	0.3112696505601405	0.3215733608614838	0.34836001540546996	0.3248830685234194	0.3125444314591983	0.0
