	bugkiller-11-0-0.bam	bugkiller-11-392-1.bam	bugkiller-11-60-0.bam	bugkiller-11-7-0.bam	daisy-11-0-0.bam	daisy-11-2-0.bam	daisy-11-60-0.bam	daisy-11-7-0.bam	peacemaker-11-0-0.bam	peacemaker-11-2-0.bam	peacemaker-11-60-0.bam	peacemaker-11-7-0.bam	scavenger-11-60-0.bam	scavenger-11-7-0.bam	tigress-11-0-0.bam	tigress-11-60-0.bam	tigress-11-7-0.bam
bugkiller-11-0-0.bam	0.0	0.005747126436781609	0.0	0.0	0.20689655172413793	0.20689655172413793	0.13218390804597702	0.22413793103448276	0.21264367816091953	0.21264367816091953	0.20689655172413793	0.19540229885057472	0.27011494252873564	0.22988505747126436	0.27011494252873564	0.27011494252873564	0.27011494252873564
bugkiller-11-392-1.bam	0.005747126436781609	0.0	0.0	0.0	0.1896551724137931	0.1896551724137931	0.12643678160919541	0.21264367816091953	0.20114942528735633	0.19540229885057472	0.1839080459770115	0.20114942528735633	0.22413793103448276	0.19540229885057472	0.25862068965517243	0.27011494252873564	0.25862068965517243
bugkiller-11-60-0.bam	0.0	0.0	0.0	0.0	0.21839080459770116	0.22988505747126436	0.13218390804597702	0.23563218390804597	0.21264367816091953	0.21264367816091953	0.20114942528735633	0.20689655172413793	0.25862068965517243	0.22988505747126436	0.27586206896551724	0.28160919540229884	0.27586206896551724
bugkiller-11-7-0.bam	0.0	0.0	0.0	0.0	0.22988505747126436	0.2413793103448276	0.16091954022988506	0.25862068965517243	0.2413793103448276	0.23563218390804597	0.22988505747126436	0.22988505747126436	0.27011494252873564	0.2413793103448276	0.2988505747126437	0.3103448275862069	0.2988505747126437
daisy-11-0-0.bam	0.20689655172413793	0.1896551724137931	0.21839080459770116	0.22988505747126436	0.0	0.0	0.011494252873563218	0.0	0.22413793103448276	0.21839080459770116	0.20689655172413793	0.21264367816091953	0.19540229885057472	0.21264367816091953	0.21264367816091953	0.22413793103448276	0.20114942528735633
daisy-11-2-0.bam	0.20689655172413793	0.1896551724137931	0.22988505747126436	0.2413793103448276	0.0	0.0	0.011494252873563218	0.0	0.23563218390804597	0.22413793103448276	0.21839080459770116	0.21839080459770116	0.21264367816091953	0.22988505747126436	0.22413793103448276	0.2413793103448276	0.21839080459770116
daisy-11-60-0.bam	0.13218390804597702	0.12643678160919541	0.13218390804597702	0.16091954022988506	0.011494252873563218	0.011494252873563218	0.0	0.017241379310344827	0.16091954022988506	0.14367816091954022	0.13793103448275862	0.16666666666666666	0.16666666666666666	0.16091954022988506	0.13218390804597702	0.13793103448275862	0.13218390804597702
daisy-11-7-0.bam	0.22413793103448276	0.21264367816091953	0.23563218390804597	0.25862068965517243	0.0	0.0	0.017241379310344827	0.0	0.2471264367816092	0.23563218390804597	0.22413793103448276	0.22988505747126436	0.22413793103448276	0.23563218390804597	0.25862068965517243	0.26436781609195403	0.2471264367816092
peacemaker-11-0-0.bam	0.21264367816091953	0.20114942528735633	0.21264367816091953	0.2413793103448276	0.22413793103448276	0.23563218390804597	0.16091954022988506	0.2471264367816092	0.0	0.0	0.0	0.0	0.16666666666666666	0.14942528735632185	0.2988505747126437	0.3103448275862069	0.3045977011494253
peacemaker-11-2-0.bam	0.21264367816091953	0.19540229885057472	0.21264367816091953	0.23563218390804597	0.21839080459770116	0.22413793103448276	0.14367816091954022	0.23563218390804597	0.0	0.0	0.005747126436781609	0.0	0.14942528735632185	0.13793103448275862	0.28160919540229884	0.29310344827586204	0.28735632183908044
peacemaker-11-60-0.bam	0.20689655172413793	0.1839080459770115	0.20114942528735633	0.22988505747126436	0.20689655172413793	0.21839080459770116	0.13793103448275862	0.22413793103448276	0.0	0.005747126436781609	0.0	0.034482758620689655	0.1839080459770115	0.1781609195402299	0.27586206896551724	0.28735632183908044	0.28160919540229884
peacemaker-11-7-0.bam	0.19540229885057472	0.20114942528735633	0.20689655172413793	0.22988505747126436	0.21264367816091953	0.21839080459770116	0.16666666666666666	0.22988505747126436	0.0	0.0	0.034482758620689655	0.0	0.14367816091954022	0.14367816091954022	0.29310344827586204	0.3045977011494253	0.29310344827586204
scavenger-11-60-0.bam	0.27011494252873564	0.22413793103448276	0.25862068965517243	0.27011494252873564	0.19540229885057472	0.21264367816091953	0.16666666666666666	0.22413793103448276	0.16666666666666666	0.14942528735632185	0.1839080459770115	0.14367816091954022	0.0	0.040229885057471264	0.25287356321839083	0.26436781609195403	0.25862068965517243
scavenger-11-7-0.bam	0.22988505747126436	0.19540229885057472	0.22988505747126436	0.2413793103448276	0.21264367816091953	0.22988505747126436	0.16091954022988506	0.23563218390804597	0.14942528735632185	0.13793103448275862	0.1781609195402299	0.14367816091954022	0.040229885057471264	0.0	0.22413793103448276	0.2471264367816092	0.22988505747126436
tigress-11-0-0.bam	0.27011494252873564	0.25862068965517243	0.27586206896551724	0.2988505747126437	0.21264367816091953	0.22413793103448276	0.13218390804597702	0.25862068965517243	0.2988505747126437	0.28160919540229884	0.27586206896551724	0.29310344827586204	0.25287356321839083	0.22413793103448276	0.0	0.005747126436781609	0.0
tigress-11-60-0.bam	0.27011494252873564	0.27011494252873564	0.28160919540229884	0.3103448275862069	0.22413793103448276	0.2413793103448276	0.13793103448275862	0.26436781609195403	0.3103448275862069	0.29310344827586204	0.28735632183908044	0.3045977011494253	0.26436781609195403	0.2471264367816092	0.005747126436781609	0.0	0.0
tigress-11-7-0.bam	0.27011494252873564	0.25862068965517243	0.27586206896551724	0.2988505747126437	0.20114942528735633	0.21839080459770116	0.13218390804597702	0.2471264367816092	0.3045977011494253	0.28735632183908044	0.28160919540229884	0.29310344827586204	0.25862068965517243	0.22988505747126436	0.0	0.0	0.0
