	peacemaker-11-0-0.bam	peacemaker-11-60-0.bam	peacemaker-11-7-0.bam	scavenger-11-0-0.bam	scavenger-11-7-0.bam	tigress-11-7-0.bam
peacemaker-11-0-0.bam	0.0	0.001946278633732779	0.0035554740360316294	0.3138205581458226	0.3056235505508256	0.4842259721203228
peacemaker-11-60-0.bam	0.001946278633732779	0.0	0.0025670498084291184	0.31283213391822007	0.3046351263232231	0.48227969348659
peacemaker-11-7-0.bam	0.0035554740360316294	0.0025670498084291184	0.0	0.31388965624654186	0.30624432172552185	0.4845019157088123
scavenger-11-0-0.bam	0.3138205581458226	0.31283213391822007	0.31388965624654186	0.0	0.016003554604887813	0.3490038390014927
scavenger-11-7-0.bam	0.3056235505508256	0.3046351263232231	0.30624432172552185	0.016003554604887813	0.0	0.33863895774084757
tigress-11-7-0.bam	0.4842259721203228	0.48227969348659	0.4845019157088123	0.3490038390014927	0.33863895774084757	0.0
