	peacemaker-11-0-0.bam	peacemaker-11-2-0.bam	peacemaker-11-392-1.bam	peacemaker-11-60-0.bam	peacemaker-11-7-0.bam	scavenger-11-392-0.bam	tigress-11-0-0.bam	tigress-11-2-0.bam	tigress-11-7-0.bam
peacemaker-11-0-0.bam	0.0	0.07535000358945468	0.16680437390380246	0.13265564285899384	0.11432818489372498	0.3037757874259295	0.2966592733202545	0.2983100019177044	0.2992207487300905
peacemaker-11-2-0.bam	0.07535000358945468	0.0	0.10688811015143874	0.08558480983355675	0.06014059744459308	0.2928069045657983	0.2922240802078282	0.2938748088052781	0.2947855556176643
peacemaker-11-392-1.bam	0.16680437390380246	0.10688811015143874	0.0	0.04864660013022036	0.05891687448060612	0.2945261439704893	0.288841262447369	0.2923134846695912	0.2914027378572051
peacemaker-11-60-0.bam	0.13265564285899384	0.08558480983355675	0.04864660013022036	0.0	0.050982434218206134	0.2681187866004705	0.27843844994913836	0.2800891785465882	0.2809999253589744
peacemaker-11-7-0.bam	0.11432818489372498	0.06014059744459308	0.05891687448060612	0.050982434218206134	0.0	0.282226566047486	0.2820395759959198	0.2836903045933697	0.28460105140575587
scavenger-11-392-0.bam	0.3037757874259295	0.2928069045657983	0.2945261439704893	0.2681187866004705	0.282226566047486	0.0	0.247911303958963	0.2495620325564129	0.250472779368799
tigress-11-0-0.bam	0.2966592733202545	0.2922240802078282	0.288841262447369	0.27843844994913836	0.2820395759959198	0.247911303958963	0.0	0.0034722222222222225	0.0025614754098360654
tigress-11-2-0.bam	0.2983100019177044	0.2938748088052781	0.2923134846695912	0.2800891785465882	0.2836903045933697	0.2495620325564129	0.0034722222222222225	0.0	0.0009107468123861571
tigress-11-7-0.bam	0.2992207487300905	0.2947855556176643	0.2914027378572051	0.2809999253589744	0.28460105140575587	0.250472779368799	0.0025614754098360654	0.0009107468123861571	0.0
