	bugkiller-11-0-0.bam	bugkiller-11-60-0.bam	bugkiller-11-7-0.bam	peacemaker-11-0-0.bam	peacemaker-11-2-0.bam	peacemaker-11-7-0.bam	scavenger-11-60-0.bam	scavenger-11-7-0.bam
bugkiller-11-0-0.bam	0.0	0.0	0.0	0.4666666666666667	0.4727272727272727	0.489044289044289	0.4666666666666667	0.47619047619047616
bugkiller-11-60-0.bam	0.0	0.0	0.0	0.4666666666666667	0.4727272727272727	0.489044289044289	0.4666666666666667	0.47619047619047616
bugkiller-11-7-0.bam	0.0	0.0	0.0	0.4666666666666667	0.4727272727272727	0.489044289044289	0.4666666666666667	0.47619047619047616
peacemaker-11-0-0.bam	0.4666666666666667	0.4666666666666667	0.4666666666666667	0.0	0.0060606060606060615	0.02237762237762238	0.4	0.4095238095238095
peacemaker-11-2-0.bam	0.4727272727272727	0.4727272727272727	0.4727272727272727	0.0060606060606060615	0.0	0.028438228438228443	0.40606060606060607	0.40346320346320347
peacemaker-11-7-0.bam	0.489044289044289	0.489044289044289	0.489044289044289	0.02237762237762238	0.028438228438228443	0.0	0.42237762237762233	0.43190143190143193
scavenger-11-60-0.bam	0.4666666666666667	0.4666666666666667	0.4666666666666667	0.4	0.40606060606060607	0.42237762237762233	0.0	0.009523809523809523
scavenger-11-7-0.bam	0.47619047619047616	0.47619047619047616	0.47619047619047616	0.4095238095238095	0.40346320346320347	0.43190143190143193	0.009523809523809523	0.0
