	bugkiller-11-0-0.bam	bugkiller-11-392-1.bam	bugkiller-11-60-0.bam	bugkiller-11-7-0.bam	daisy-11-0-0.bam	daisy-11-2-0.bam	daisy-11-60-0.bam	peacemaker-11-0-0.bam	peacemaker-11-2-0.bam	peacemaker-11-392-1.bam	peacemaker-11-60-0.bam	peacemaker-11-7-0.bam	scavenger-11-0-0.bam	scavenger-11-2-0.bam	scavenger-11-60-0.bam	scavenger-11-7-0.bam	tigress-11-0-0.bam	tigress-11-2-0.bam	tigress-11-60-0.bam	tigress-11-7-0.bam
bugkiller-11-0-0.bam	0.0	0.005577270221283119	0.00402729746859994	0.005897209871125925	0.42322741236134437	0.3996743977104412	0.41900867268980346	0.45203638704834903	0.44422614026281554	0.4360303086899243	0.443020620253482	0.447539113661575	0.3714224099749395	0.3661706443296387	0.36727254279854266	0.36769448046070824	0.3693129595728397	0.37058040043242974	0.3726394404581816	0.3744514640131466
bugkiller-11-392-1.bam	0.005577270221283119	0.0	0.0010908679415801677	0.0005363385371223491	0.4432817668703594	0.42211408782785265	0.43975295483182014	0.47612724059515776	0.4692904263648278	0.4618812461388577	0.46798062336146756	0.4718853165702569	0.3982440952116546	0.39473865007751685	0.39397307384689	0.39438046193449816	0.3960749639559804	0.3977012687710091	0.39915490606998966	0.40103540141073224
bugkiller-11-60-0.bam	0.00402729746859994	0.0010908679415801677	0.0	0.001513882026611978	0.4233512897300961	0.3995886752136752	0.418529973020991	0.45251366394993303	0.44688169793614824	0.4382878884824724	0.44564829649003096	0.4489256061606353	0.35011576927421817	0.34889423076923076	0.3476701592980663	0.3481509719828596	0.3498823165348349	0.3507639290534027	0.3537562633705832	0.355742014580799
bugkiller-11-7-0.bam	0.005897209871125925	0.0005363385371223491	0.001513882026611978	0.0	0.44299710326186253	0.4218161845483553	0.439467088048464	0.4756453341947689	0.4687405439252529	0.4614276857315807	0.4674825360425847	0.47140341016986814	0.39785154781955323	0.3943721092009215	0.3936300060313574	0.3940373941189655	0.3958942920747762	0.39733037389239095	0.3989751241980526	0.4008547295295281
daisy-11-0-0.bam	0.42322741236134437	0.4432817668703594	0.4233512897300961	0.44299710326186253	0.0	0.0011867263821528314	0.00047922415160306766	0.2965238056365841	0.2793719640814449	0.28188733564811597	0.28830646074804306	0.28916746611442135	0.299791765464475	0.28952789429395787	0.3055867460081848	0.30575955750653655	0.3268742796860194	0.32610245520503883	0.3301889599237467	0.33171077649828984
daisy-11-2-0.bam	0.3996743977104412	0.42211408782785265	0.3995886752136752	0.4218161845483553	0.0011867263821528314	0.0	0.0014468189071363674	0.2852270731061523	0.2700928832849962	0.26466979682315817	0.27194124297206856	0.27642304805506024	0.27366949544961533	0.26102836272327795	0.2801359459254196	0.28032058136839544	0.29008616073388216	0.2890510593513931	0.29382125656130725	0.29525532663906
daisy-11-60-0.bam	0.41900867268980346	0.43975295483182014	0.418529973020991	0.439467088048464	0.00047922415160306766	0.0014468189071363674	0.0	0.29197657466356985	0.27515724856100565	0.27915427048012187	0.2855058477814375	0.2851511427719116	0.29244527303028595	0.28146718146718147	0.2984607984607985	0.29863797388587626	0.3203032139703173	0.31940988268752224	0.32373478545503614	0.32522671702898465
peacemaker-11-0-0.bam	0.45203638704834903	0.47612724059515776	0.45251366394993303	0.4756453341947689	0.2965238056365841	0.2852270731061523	0.29197657466356985	0.0	0.041666794605160415	0.05710740837850084	0.05509122501720867	0.028221960616189444	0.24987498732318697	0.24249023568186034	0.2475260224185489	0.2471186343309408	0.32766905505423055	0.33102063363502376	0.33082739375870174	0.33216680808562493
peacemaker-11-2-0.bam	0.44422614026281554	0.4692904263648278	0.44688169793614824	0.4687405439252529	0.2793719640814449	0.2700928832849962	0.27515724856100565	0.041666794605160415	0.0	0.01960464978431008	0.020436689286547394	0.028045507380747976	0.22560843595706023	0.21739650823123857	0.2234452704373165	0.2234263188546731	0.3051663986656092	0.3083204870326294	0.3085696789435331	0.30984143971703854
peacemaker-11-392-1.bam	0.4360303086899243	0.4618812461388577	0.4382878884824724	0.4614276857315807	0.28188733564811597	0.26466979682315817	0.27915427048012187	0.05710740837850084	0.01960464978431008	0.0	0.010294005534545255	0.03541414192210956	0.21318187250536488	0.20747476950707422	0.21021380689027747	0.2103937080911257	0.2988675999208531	0.3020171715205341	0.30235553988892333	0.3040999071073162
peacemaker-11-60-0.bam	0.443020620253482	0.46798062336146756	0.44564829649003096	0.4674825360425847	0.28830646074804306	0.27194124297206856	0.2855058477814375	0.05509122501720867	0.020436689286547394	0.010294005534545255	0.0	0.03294244147618389	0.22680409498736084	0.21722293691686406	0.22337400878783067	0.22306920553108234	0.30484132562114336	0.3082094311992009	0.30816117805334714	0.30978754855282487
peacemaker-11-7-0.bam	0.447539113661575	0.4718853165702569	0.4489256061606353	0.47140341016986814	0.28916746611442135	0.27642304805506024	0.2851511427719116	0.028221960616189444	0.028045507380747976	0.03541414192210956	0.03294244147618389	0.0	0.24291289929984816	0.23530953755342943	0.24016119010258993	0.23975380201498178	0.31927948635011555	0.3225654718833561	0.32247915297923757	0.3238372180431405
scavenger-11-0-0.bam	0.3714224099749395	0.3982440952116546	0.35011576927421817	0.39785154781955323	0.299791765464475	0.27366949544961533	0.29244527303028595	0.24987498732318697	0.22560843595706023	0.21318187250536488	0.22680409498736084	0.24291289929984816	0.0	0.0013819552261173994	0.001635863608732518	0.0018103946244807884	0.231046498531908	0.23344696145657076	0.23478444454444725	0.23613862526956594
scavenger-11-2-0.bam	0.3661706443296387	0.39473865007751685	0.34889423076923076	0.3943721092009215	0.28952789429395787	0.26102836272327795	0.28146718146718147	0.24249023568186034	0.21739650823123857	0.20747476950707422	0.21722293691686406	0.23530953755342943	0.0013819552261173994	0.0	0.00012531328320802005	0.00030994872618382195	0.22227023180684216	0.22467110490352687	0.2262707760976077	0.22765872570912574
scavenger-11-60-0.bam	0.36727254279854266	0.39397307384689	0.3476701592980663	0.3936300060313574	0.3055867460081848	0.2801359459254196	0.2984607984607985	0.2475260224185489	0.2234452704373165	0.21021380689027747	0.22337400878783067	0.24016119010258993	0.001635863608732518	0.00012531328320802005	0.0	0.00040738808760812796	0.22788556106585486	0.23021424641138455	0.23160225114460586	0.2329272707071004
scavenger-11-7-0.bam	0.36769448046070824	0.39438046193449816	0.3481509719828596	0.3940373941189655	0.30575955750653655	0.28032058136839544	0.29863797388587626	0.2471186343309408	0.2234263188546731	0.2103937080911257	0.22306920553108234	0.23975380201498178	0.0018103946244807884	0.00030994872618382195	0.00040738808760812796	0.0	0.22805922806667375	0.23039053150769312	0.2317750626429576	0.2331009377079193
tigress-11-0-0.bam	0.3693129595728397	0.3960749639559804	0.3498823165348349	0.3958942920747762	0.3268742796860194	0.29008616073388216	0.3203032139703173	0.32766905505423055	0.3051663986656092	0.2988675999208531	0.30484132562114336	0.31927948635011555	0.231046498531908	0.22227023180684216	0.22788556106585486	0.22805922806667375	0.0	0.001203412405366499	0.00032529368210415727	0.00027763054601341694
tigress-11-2-0.bam	0.37058040043242974	0.3977012687710091	0.3507639290534027	0.39733037389239095	0.32610245520503883	0.2890510593513931	0.31940988268752224	0.33102063363502376	0.3083204870326294	0.3020171715205341	0.3082094311992009	0.3225654718833561	0.23344696145657076	0.22467110490352687	0.23021424641138455	0.23039053150769312	0.001203412405366499	0.0	0.001249141864347246	0.0011993650601445174
tigress-11-60-0.bam	0.3726394404581816	0.39915490606998966	0.3537562633705832	0.3989751241980526	0.3301889599237467	0.29382125656130725	0.32373478545503614	0.33082739375870174	0.3085696789435331	0.30235553988892333	0.30816117805334714	0.32247915297923757	0.23478444454444725	0.2262707760976077	0.23160225114460586	0.2317750626429576	0.00032529368210415727	0.001249141864347246	0.0	0.0003213064459696309
tigress-11-7-0.bam	0.3744514640131466	0.40103540141073224	0.355742014580799	0.4008547295295281	0.33171077649828984	0.29525532663906	0.32522671702898465	0.33216680808562493	0.30984143971703854	0.3040999071073162	0.30978754855282487	0.3238372180431405	0.23613862526956594	0.22765872570912574	0.2329272707071004	0.2331009377079193	0.00027763054601341694	0.0011993650601445174	0.0003213064459696309	0.0
