	bugkiller-11-7-0.bam	daisy-11-0-0.bam	daisy-11-2-0.bam	daisy-11-60-0.bam	daisy-11-7-0.bam	peacemaker-11-0-0.bam	peacemaker-11-2-0.bam	peacemaker-11-60-0.bam	peacemaker-11-7-0.bam	scavenger-11-0-0.bam	scavenger-11-60-0.bam	scavenger-11-7-0.bam	tigress-11-60-0.bam
bugkiller-11-7-0.bam	0.0	0.21008221510617367	0.21176686418724436	0.19932019901149758	0.21105485616697237	0.14733165323453537	0.14471922246673605	0.13743269108814427	0.1546550838778103	0.16047239050351492	0.15337984552559364	0.16424917393263655	0.16267020823348757
daisy-11-0-0.bam	0.21008221510617367	0.0	0.033908074345693325	0.04257711801084298	0.03737971621413339	0.20573392583537306	0.20649324747728337	0.20593623478523693	0.21565779764439702	0.2031763683078727	0.20920948975999648	0.20817609350839214	0.2236145625107097
daisy-11-2-0.bam	0.21176686418724436	0.033908074345693325	0.0	0.04551162332230533	0.038882832601505476	0.20570277904383538	0.20497750524820244	0.2046136871763487	0.2156785429306482	0.20754244448561693	0.21160384423485284	0.21112954930636113	0.22427247687023563
daisy-11-60-0.bam	0.19932019901149758	0.04257711801084298	0.04551162332230533	0.0	0.042303239469987326	0.19392021772822238	0.19794524589708318	0.1978794126106042	0.2043262168906524	0.19279035076242618	0.1976428354505233	0.19755661032957433	0.21210498380541454
daisy-11-7-0.bam	0.21105485616697237	0.03737971621413339	0.038882832601505476	0.042303239469987326	0.0	0.20484976401637284	0.20588807815834242	0.20797059284356428	0.2172639559253543	0.20296558045449983	0.20944854704942148	0.2052174166632981	0.22590168613306025
peacemaker-11-0-0.bam	0.14733165323453537	0.20573392583537306	0.20570277904383538	0.19392021772822238	0.20484976401637284	0.0	0.0437197726625863	0.05487926099731846	0.053184315531473514	0.18626972677173384	0.17091468254228032	0.1836720600919775	0.22550581382595136
peacemaker-11-2-0.bam	0.14471922246673605	0.20649324747728337	0.20497750524820244	0.19794524589708318	0.20588807815834242	0.0437197726625863	0.0	0.04919971445488829	0.05448457939662465	0.18974070150170805	0.17563603634307173	0.18937746274850367	0.21752766683628502
peacemaker-11-60-0.bam	0.13743269108814427	0.20593623478523693	0.2046136871763487	0.1978794126106042	0.20797059284356428	0.05487926099731846	0.04919971445488829	0.0	0.06513898527667195	0.18983936159504378	0.17739195524596765	0.18744754207272118	0.22350841506126393
peacemaker-11-7-0.bam	0.1546550838778103	0.21565779764439702	0.2156785429306482	0.2043262168906524	0.2172639559253543	0.053184315531473514	0.05448457939662465	0.06513898527667195	0.0	0.19519329464033605	0.17893335601976132	0.19227670454247223	0.22842470416154514
scavenger-11-0-0.bam	0.16047239050351492	0.2031763683078727	0.20754244448561693	0.19279035076242618	0.20296558045449983	0.18626972677173384	0.18974070150170805	0.18983936159504378	0.19519329464033605	0.0	0.0962866637452263	0.06115755500888808	0.17211775750427355
scavenger-11-60-0.bam	0.15337984552559364	0.20920948975999648	0.21160384423485284	0.1976428354505233	0.20944854704942148	0.17091468254228032	0.17563603634307173	0.17739195524596765	0.17893335601976132	0.0962866637452263	0.0	0.08718377052209053	0.16596733101232447
scavenger-11-7-0.bam	0.16424917393263655	0.20817609350839214	0.21112954930636113	0.19755661032957433	0.2052174166632981	0.1836720600919775	0.18937746274850367	0.18744754207272118	0.19227670454247223	0.06115755500888808	0.08718377052209053	0.0	0.1745418602599672
tigress-11-60-0.bam	0.16267020823348757	0.2236145625107097	0.22427247687023563	0.21210498380541454	0.22590168613306025	0.22550581382595136	0.21752766683628502	0.22350841506126393	0.22842470416154514	0.17211775750427355	0.16596733101232447	0.1745418602599672	0.0
