	bugkiller-11-0-0.bam	bugkiller-11-7-0.bam	daisy-11-0-0.bam	scavenger-11-7-0.bam	tigress-11-0-0.bam	tigress-11-60-0.bam
bugkiller-11-0-0.bam	0.0	0.0059671666812501425	0.001157736057057909	0.3123938845044826	0.42500825694151956	0.40554910908633823
bugkiller-11-7-0.bam	0.0059671666812501425	0.0	0.0048094306241922334	0.3143237259805244	0.42259899132297973	0.4031398434677984
daisy-11-0-0.bam	0.001157736057057909	0.0048094306241922334	0.0	0.31355162056154057	0.4261659929985775	0.40670684514339617
scavenger-11-7-0.bam	0.3123938845044826	0.3143237259805244	0.31355162056154057	0.0	0.49446425019524015	0.48554917846120865
tigress-11-0-0.bam	0.42500825694151956	0.42259899132297973	0.4261659929985775	0.49446425019524015	0.0	0.025289637863410538
tigress-11-60-0.bam	0.40554910908633823	0.4031398434677984	0.40670684514339617	0.48554917846120865	0.025289637863410538	0.0
