	bugkiller-11-0-0.bam	peacemaker-11-0-0.bam	peacemaker-11-2-0.bam	peacemaker-11-60-0.bam	peacemaker-11-7-0.bam	scavenger-11-0-0.bam	scavenger-11-60-0.bam	scavenger-11-7-0.bam
bugkiller-11-0-0.bam	0.0	0.3425668199732208	0.3587270011952576	0.34534736370473323	0.35482043418534026	0.40570046456122405	0.4164556962025317	0.41256968288946977
peacemaker-11-0-0.bam	0.3425668199732208	0.0	0.07291055901341711	0.11242569499238117	0.10278532305939293	0.3074985699469718	0.3114740407132095	0.3152201941909145
peacemaker-11-2-0.bam	0.3587270011952576	0.07291055901341711	0.0	0.08981004696557073	0.07570691104577575	0.3287067410685979	0.3371498216635772	0.33642836531254056
peacemaker-11-60-0.bam	0.34534736370473323	0.11242569499238117	0.08981004696557073	0.0	0.08939946579674253	0.32749578002448637	0.3327743036574404	0.3352174042684291
peacemaker-11-7-0.bam	0.35482043418534026	0.10278532305939293	0.07570691104577575	0.08939946579674253	0.0	0.3291554053557546	0.33443392898870855	0.3368770295996973
scavenger-11-0-0.bam	0.40570046456122405	0.3074985699469718	0.3287067410685979	0.32749578002448637	0.3291554053557546	0.0	0.024640924008012613	0.018223265125330415
scavenger-11-60-0.bam	0.4164556962025317	0.3114740407132095	0.3371498216635772	0.3327743036574404	0.33443392898870855	0.024640924008012613	0.0	0.015101328459089949
scavenger-11-7-0.bam	0.41256968288946977	0.3152201941909145	0.33642836531254056	0.3352174042684291	0.3368770295996973	0.018223265125330415	0.015101328459089949	0.0
