	bugkiller-11-0-0.bam	bugkiller-11-60-0.bam	bugkiller-11-7-0.bam	peacemaker-11-0-0.bam	peacemaker-11-2-0.bam	peacemaker-11-60-0.bam	peacemaker-11-7-0.bam	scavenger-11-0-0.bam	scavenger-11-60-0.bam	scavenger-11-7-0.bam
bugkiller-11-0-0.bam	0.0	0.001201923076923077	0.004513886113886114	0.343544273205266	0.35386676430187863	0.3709231819468613	0.34743317518752304	0.32421510924124897	0.3375744670866622	0.31426316172581314
bugkiller-11-60-0.bam	0.001201923076923077	0.0	0.0052829402002955725	0.31483553261548386	0.31818501219616285	0.34154315946912295	0.316305374522676	0.29489812197911747	0.31238689415160004	0.28167846944031233
bugkiller-11-7-0.bam	0.004513886113886114	0.0052829402002955725	0.0	0.34747869084224087	0.35303303848178713	0.3623590624933286	0.35047705378193744	0.30295530060414266	0.31675299303870735	0.29283125546155125
peacemaker-11-0-0.bam	0.343544273205266	0.31483553261548386	0.34747869084224087	0.0	0.02370771840332096	0.03873110590535278	0.017471884150443484	0.31506817539377313	0.30361893581018523	0.30550919721470055
peacemaker-11-2-0.bam	0.35386676430187863	0.31818501219616285	0.35303303848178713	0.02370771840332096	0.0	0.04169723018346839	0.023572526492305283	0.30503247526244937	0.29567562783506385	0.2953530034331599
peacemaker-11-60-0.bam	0.3709231819468613	0.34154315946912295	0.3623590624933286	0.03873110590535278	0.04169723018346839	0.0	0.03812390374142503	0.3173849473760586	0.30454600024115547	0.3089421736996325
peacemaker-11-7-0.bam	0.34743317518752304	0.316305374522676	0.35047705378193744	0.017471884150443484	0.023572526492305283	0.03812390374142503	0.0	0.31007400347633224	0.2990536544425154	0.30184393592382774
scavenger-11-0-0.bam	0.32421510924124897	0.29489812197911747	0.30295530060414266	0.31506817539377313	0.30503247526244937	0.3173849473760586	0.31007400347633224	0.0	0.100664628370977	0.07084244707513689
scavenger-11-60-0.bam	0.3375744670866622	0.31238689415160004	0.31675299303870735	0.30361893581018523	0.29567562783506385	0.30454600024115547	0.2990536544425154	0.100664628370977	0.0	0.05009859858047656
scavenger-11-7-0.bam	0.31426316172581314	0.28167846944031233	0.29283125546155125	0.30550919721470055	0.2953530034331599	0.3089421736996325	0.30184393592382774	0.07084244707513689	0.05009859858047656	0.0
