	bugkiller-11-0-0.bam	bugkiller-11-60-0.bam	bugkiller-11-7-0.bam	peacemaker-11-0-0.bam	peacemaker-11-2-0.bam	scavenger-11-0-0.bam	scavenger-11-2-0.bam	scavenger-11-392-0.bam	scavenger-11-60-0.bam	scavenger-11-7-0.bam
bugkiller-11-0-0.bam	0.0	0.00015733165512901194	0.0008281273035529997	0.26796795447738847	0.2757373727334968	0.39311575209339095	0.4002816235889076	0.3365069670383787	0.39250256743534895	0.38979704450752356
bugkiller-11-60-0.bam	0.00015733165512901194	0.0	0.0006514082563236281	0.26826118326118326	0.27745810093227935	0.3723145562819701	0.37947506444891577	0.3117973071181561	0.36761005060971486	0.36415741019739495
bugkiller-11-7-0.bam	0.0008281273035529997	0.0006514082563236281	0.0	0.2678296369855456	0.27559530244148767	0.3928566023808744	0.39973995453076605	0.33594380317634265	0.3919808126808155	0.38927528975299014
peacemaker-11-0-0.bam	0.26796795447738847	0.26826118326118326	0.2678296369855456	0.0	0.003209790062379704	0.38433900235293916	0.39163897209456233	0.3404067626543115	0.3810654636269351	0.3810915621183576
peacemaker-11-2-0.bam	0.2757373727334968	0.27745810093227935	0.27559530244148767	0.003209790062379704	0.0	0.36847151306119946	0.3729185052201277	0.3304319281237327	0.36438990930244225	0.36390514568283594
scavenger-11-0-0.bam	0.39311575209339095	0.3723145562819701	0.3928566023808744	0.38433900235293916	0.36847151306119946	0.0	0.048858909037706115	0.20024611624619493	0.06806046861239654	0.04917012158948752
scavenger-11-2-0.bam	0.4002816235889076	0.37947506444891577	0.39973995453076605	0.39163897209456233	0.3729185052201277	0.048858909037706115	0.0	0.20477742391968626	0.06959941128126974	0.05127061183517388
scavenger-11-392-0.bam	0.3365069670383787	0.3117973071181561	0.33594380317634265	0.3404067626543115	0.3304319281237327	0.20024611624619493	0.20477742391968626	0.0	0.19000228023118076	0.19315963485749957
scavenger-11-60-0.bam	0.39250256743534895	0.36761005060971486	0.3919808126808155	0.3810654636269351	0.36438990930244225	0.06806046861239654	0.06959941128126974	0.19000228023118076	0.0	0.046579278228320586
scavenger-11-7-0.bam	0.38979704450752356	0.36415741019739495	0.38927528975299014	0.3810915621183576	0.36390514568283594	0.04917012158948752	0.05127061183517388	0.19315963485749957	0.046579278228320586	0.0
