	bugkiller-11-0-0.bam	bugkiller-11-392-1.bam	bugkiller-11-60-0.bam	bugkiller-11-7-0.bam	daisy-11-0-0.bam	daisy-11-2-0.bam	daisy-11-60-0.bam	daisy-11-7-0.bam	peacemaker-11-0-0.bam	peacemaker-11-2-0.bam	peacemaker-11-60-0.bam	peacemaker-11-7-0.bam	scavenger-11-60-0.bam	scavenger-11-7-0.bam	tigress-11-0-0.bam	tigress-11-60-0.bam	tigress-11-7-0.bam
bugkiller-11-0-0.bam	0.0	0.07962885320758631	0.06338774404772751	0.05544092803163193	0.26325322847710725	0.2703200514100266	0.23624396949563095	0.2714572281405099	0.27481338254269805	0.28282664017943954	0.29714761247009963	0.2955740478186912	0.33868494562135626	0.333289141021405	0.31877186633455984	0.3091450735692829	0.3080181343947758
bugkiller-11-392-1.bam	0.07962885320758631	0.0	0.055621271702649445	0.04262196618285093	0.23420874630292382	0.23942503523181333	0.211664106583092	0.24745702802856923	0.2639638176235842	0.2647544900091154	0.2806892851034831	0.2973672094618561	0.30529443929850614	0.28032340902781017	0.2927971225132032	0.28694203868887663	0.2856978377821591
bugkiller-11-60-0.bam	0.06338774404772751	0.055621271702649445	0.0	0.046981818091765395	0.2608363433289128	0.26607640437649044	0.23012136184559007	0.2686775691339572	0.27579371160723287	0.2820971092674241	0.28639800762728995	0.30096235619278333	0.32465362165768835	0.30556306052750526	0.3099175626214351	0.30511674650125287	0.3034330065644258
bugkiller-11-7-0.bam	0.05544092803163193	0.04262196618285093	0.046981818091765395	0.0	0.24966670341757607	0.25720545205535356	0.21987958782032987	0.2615581466566107	0.26638184205103177	0.26842325592399896	0.2888884202828491	0.2973169473668643	0.31297464663964514	0.2976576742693865	0.30281231872101827	0.2968729764298018	0.29562877552308436
daisy-11-0-0.bam	0.26325322847710725	0.23420874630292382	0.2608363433289128	0.24966670341757607	0.0	0.040783386076062744	0.07495378069202913	0.037195523739385485	0.2768948497970855	0.2702763632080735	0.27749025310640946	0.27942144788056766	0.26960047565636835	0.2750938915339484	0.2312555934218482	0.22956125216682047	0.22483798119338827
daisy-11-2-0.bam	0.2703200514100266	0.23942503523181333	0.26607640437649044	0.25720545205535356	0.040783386076062744	0.0	0.08889410896831143	0.035106539303118	0.27960524746465504	0.273550168692669	0.2781827558243314	0.2819478417393842	0.2712744191602791	0.28233288049655947	0.2488119975854902	0.2459710243734677	0.24205085730633613
daisy-11-60-0.bam	0.23624396949563095	0.211664106583092	0.23012136184559007	0.21987958782032987	0.07495378069202913	0.08889410896831143	0.0	0.09487528188071402	0.246230132066522	0.23875824860775657	0.25419391696444416	0.2536821725239793	0.2677542405047491	0.26612523067849003	0.21794968742615528	0.21567347787448937	0.21179837019893405
daisy-11-7-0.bam	0.2714572281405099	0.24745702802856923	0.2686775691339572	0.2615581466566107	0.037195523739385485	0.035106539303118	0.09487528188071402	0.0	0.27627914667703424	0.2745863073899981	0.2752922661800742	0.2761150327758001	0.2772506639655918	0.29352544955230897	0.25817851546110615	0.2559920253836934	0.25121351147489945
peacemaker-11-0-0.bam	0.27481338254269805	0.2639638176235842	0.27579371160723287	0.26638184205103177	0.2768948497970855	0.27960524746465504	0.246230132066522	0.27627914667703424	0.0	0.04446870451182564	0.06748968536236656	0.0757366807912293	0.2395052364424158	0.2469860559914771	0.33072311537511895	0.3311865169867618	0.3281104195283202
peacemaker-11-2-0.bam	0.28282664017943954	0.2647544900091154	0.2820971092674241	0.26842325592399896	0.2702763632080735	0.273550168692669	0.23875824860775657	0.2745863073899981	0.04446870451182564	0.0	0.08317860572584213	0.07740372539519187	0.22995087784412904	0.2353006203902568	0.3163582417181997	0.31775976694972563	0.31463178571095196
peacemaker-11-60-0.bam	0.29714761247009963	0.2806892851034831	0.28639800762728995	0.2888884202828491	0.27749025310640946	0.2781827558243314	0.25419391696444416	0.2752922661800742	0.06748968536236656	0.08317860572584213	0.0	0.1249962510349648	0.2447669366617299	0.2476547874425728	0.3441787782847121	0.3433249443143029	0.33999264456272144
peacemaker-11-7-0.bam	0.2955740478186912	0.2973672094618561	0.30096235619278333	0.2973169473668643	0.27942144788056766	0.2819478417393842	0.2536821725239793	0.2761150327758001	0.0757366807912293	0.07740372539519187	0.1249962510349648	0.0	0.24396685197612536	0.25869320718078664	0.34701502338309514	0.3467681841742933	0.34574057652998735
scavenger-11-60-0.bam	0.33868494562135626	0.30529443929850614	0.32465362165768835	0.31297464663964514	0.26960047565636835	0.2712744191602791	0.2677542405047491	0.2772506639655918	0.2395052364424158	0.22995087784412904	0.2447669366617299	0.24396685197612536	0.0	0.1219198500730131	0.30444351347099924	0.3064549493810484	0.3024736069440859
scavenger-11-7-0.bam	0.333289141021405	0.28032340902781017	0.30556306052750526	0.2976576742693865	0.2750938915339484	0.28233288049655947	0.26612523067849003	0.29352544955230897	0.2469860559914771	0.2353006203902568	0.2476547874425728	0.25869320718078664	0.1219198500730131	0.0	0.27463747283024975	0.2787873458354031	0.2747044681354964
tigress-11-0-0.bam	0.31877186633455984	0.2927971225132032	0.3099175626214351	0.30281231872101827	0.2312555934218482	0.2488119975854902	0.21794968742615528	0.25817851546110615	0.33072311537511895	0.3163582417181997	0.3441787782847121	0.34701502338309514	0.30444351347099924	0.27463747283024975	0.0	0.013032982287368251	0.011987040129721885
tigress-11-60-0.bam	0.3091450735692829	0.28694203868887663	0.30511674650125287	0.2968729764298018	0.22956125216682047	0.2459710243734677	0.21567347787448937	0.2559920253836934	0.3311865169867618	0.31775976694972563	0.3433249443143029	0.3467681841742933	0.3064549493810484	0.2787873458354031	0.013032982287368251	0.0	0.009905596981906697
tigress-11-7-0.bam	0.3080181343947758	0.2856978377821591	0.3034330065644258	0.29562877552308436	0.22483798119338827	0.24205085730633613	0.21179837019893405	0.25121351147489945	0.3281104195283202	0.31463178571095196	0.33999264456272144	0.34574057652998735	0.3024736069440859	0.2747044681354964	0.011987040129721885	0.009905596981906697	0.0
