	DS01.bam	DS02.bam	DS03.bam	DS04.bam	R02_W4.bam	R02_W8.bam
DS01.bam	0.0	0.011197337105705673	0.009928457228747854	0.007781228433402346	0.0076576755924582	0.010664152585376886
DS02.bam	0.011197337105705673	0.0	0.010123746208626366	0.00848857244041927	0.009917814630531024	0.010301742166949769
DS03.bam	0.009928457228747854	0.010123746208626366	0.0	0.00710698258290118	0.008291820957599368	0.004483008419380363
DS04.bam	0.007781228433402346	0.00848857244041927	0.00710698258290118	0.0	0.006501705958227695	0.008103222620676668
R02_W4.bam	0.0076576755924582	0.009917814630531024	0.008291820957599368	0.006501705958227695	0.0	0.009261909231202653
R02_W8.bam	0.010664152585376886	0.010301742166949769	0.004483008419380363	0.008103222620676668	0.009261909231202653	0.0
