	DS01.bam	DS02.bam	DS03.bam	DS04.bam	R01_W4.bam	R01_W8.bam
DS01.bam	0.0	0.04526334414052299	0.041140289414641575	0.046673431118869686	0.0433764363483982	0.04321137709865612
DS02.bam	0.04526334414052299	0.0	0.027656026952225875	0.018488095248890526	0.03770525952180287	0.038840697132322397
DS03.bam	0.041140289414641575	0.027656026952225875	0.0	0.02423748703369356	0.017690719877024905	0.01792410317839573
DS04.bam	0.046673431118869686	0.018488095248890526	0.02423748703369356	0.0	0.028278912287100257	0.02954785212943307
R01_W4.bam	0.0433764363483982	0.03770525952180287	0.017690719877024905	0.028278912287100257	0.0	0.003421747661450978
R01_W8.bam	0.04321137709865612	0.038840697132322397	0.01792410317839573	0.02954785212943307	0.003421747661450978	0.0
