	DS01.bam	DS02.bam	DS03.bam	DS04.bam	R01_Pre.bam	R02_W4.bam
DS01.bam	0.0	0.0038461538461538464	0.021346153846153845	0.0038461538461538464	0.2986972895525527	0.49552343489843487
DS02.bam	0.0038461538461538464	0.0	0.017499999999999998	0.0	0.2948511357063988	0.49167728105228103
DS03.bam	0.021346153846153845	0.017499999999999998	0.0	0.017499999999999998	0.2773511357063988	0.484177281052281
DS04.bam	0.0038461538461538464	0.0	0.017499999999999998	0.0	0.2948511357063988	0.49167728105228103
R01_Pre.bam	0.2986972895525527	0.2948511357063988	0.2773511357063988	0.2948511357063988	0.0	0.5515339375536744
R02_W4.bam	0.49552343489843487	0.49167728105228103	0.484177281052281	0.49167728105228103	0.5515339375536744	0.0
