	DS01.bam	DS02.bam	DS03.bam	DS04.bam	R01_Pre.bam	R01_W4.bam	R01_W8.bam	R02_W4.bam
DS01.bam	0.0	0.07172892833121366	0.07757333405246292	0.08373787719150062	0.47598404326522814	0.26867364899663826	0.3562123371014185	0.31656129048463855
DS02.bam	0.07172892833121366	0.0	0.06615122953099299	0.05343310940956283	0.4664778800662292	0.22804931673877024	0.3110231239589391	0.27954742499119095
DS03.bam	0.07757333405246292	0.06615122953099299	0.0	0.08496092932014097	0.4759206524504744	0.28057262991344767	0.35898891714144104	0.32241128123481066
DS04.bam	0.08373787719150062	0.05343310940956283	0.08496092932014097	0.0	0.45691985800755414	0.21013848624089312	0.3005957705670117	0.25219075950404746
R01_Pre.bam	0.47598404326522814	0.4664778800662292	0.4759206524504744	0.45691985800755414	0.0	0.4371569443655403	0.21113140351409157	0.40935700507772266
R01_W4.bam	0.26867364899663826	0.22804931673877024	0.28057262991344767	0.21013848624089312	0.4371569443655403	0.0	0.23277541593269876	0.17127905135875018
R01_W8.bam	0.3562123371014185	0.3110231239589391	0.35898891714144104	0.3005957705670117	0.21113140351409157	0.23277541593269876	0.0	0.23090120446136514
R02_W4.bam	0.31656129048463855	0.27954742499119095	0.32241128123481066	0.25219075950404746	0.40935700507772266	0.17127905135875018	0.23090120446136514	0.0
