	DS02.bam	DS03.bam	DS04.bam	R01_Pre.bam	R02_W4.bam	R02_W8.bam
DS02.bam	0.0	0.0	0.0	0.23510971786833856	0.2664576802507837	0.26959247648902823
DS03.bam	0.0	0.0	0.003134796238244514	0.23197492163009403	0.26332288401253917	0.26332288401253917
DS04.bam	0.0	0.003134796238244514	0.0	0.21003134796238246	0.25705329153605017	0.25705329153605017
R01_Pre.bam	0.23510971786833856	0.23197492163009403	0.21003134796238246	0.0	0.3824451410658307	0.3824451410658307
R02_W4.bam	0.2664576802507837	0.26332288401253917	0.25705329153605017	0.3824451410658307	0.0	0.0
R02_W8.bam	0.26959247648902823	0.26332288401253917	0.25705329153605017	0.3824451410658307	0.0	0.0
