	DS01.bam	DS02.bam	DS03.bam	DS04.bam	R01_W4.bam	R01_W8.bam	R02_W4.bam
DS01.bam	0.0	0.0080666557209405	0.007564484126984128	0.0062037037037037035	0.005752314814814815	0.008188157957179695	0.7943162791159748
DS02.bam	0.0080666557209405	0.0	0.005996334234858147	0.0029488106030953836	0.0036085328253176053	0.006237612682658332	0.7934611566179107
DS03.bam	0.007564484126984128	0.005996334234858147	0.0	0.004495701058201059	0.00404431216931217	0.006394685226206964	0.793534202396398
DS04.bam	0.0062037037037037035	0.0029488106030953836	0.004495701058201059	0.0	0.001493055555555556	0.0044844542534759925	0.7932621480618439
R01_W4.bam	0.005752314814814815	0.0036085328253176053	0.00404431216931217	0.001493055555555556	0.0	0.004033065364587103	0.7917690925062881
R01_W8.bam	0.008188157957179695	0.006237612682658332	0.006394685226206964	0.0044844542534759925	0.004033065364587103	0.0	0.7891195741502482
R02_W4.bam	0.7943162791159748	0.7934611566179107	0.793534202396398	0.7932621480618439	0.7917690925062881	0.7891195741502482	0.0
