	DS01.bam	DS02.bam	DS04.bam	R01_Pre.bam	R01_W4.bam	R01_W8.bam
DS01.bam	0.0	0.0012626262626262625	0.0007482229704451927	0.6185070073958963	0.6180321735877292	0.6180321735877292
DS02.bam	0.0012626262626262625	0.0	0.0005144032921810699	0.6172443811332701	0.6167695473251028	0.6167695473251028
DS04.bam	0.0007482229704451927	0.0005144032921810699	0.0	0.6177587844254511	0.6172839506172839	0.6172839506172839
R01_Pre.bam	0.6185070073958963	0.6172443811332701	0.6177587844254511	0.0	0.0013262599469496012	0.002092543471853817
R01_W4.bam	0.6180321735877292	0.6167695473251028	0.6172839506172839	0.0013262599469496012	0.0	0.0024691358024691358
R01_W8.bam	0.6180321735877292	0.6167695473251028	0.6172839506172839	0.002092543471853817	0.0024691358024691358	0.0
