	DS02.bam	DS03.bam	DS04.bam	R01_Pre.bam	R02_W4.bam	R02_W8.bam
DS02.bam	0.0	0.008130081300813009	0.0	0.5365853658536586	0.17073170731707318	0.21138211382113822
DS03.bam	0.008130081300813009	0.0	0.0	0.6178861788617886	0.18699186991869918	0.23577235772357724
DS04.bam	0.0	0.0	0.0	0.5447154471544715	0.15447154471544716	0.21138211382113822
R01_Pre.bam	0.5365853658536586	0.6178861788617886	0.5447154471544715	0.0	0.4634146341463415	0.5528455284552846
R02_W4.bam	0.17073170731707318	0.18699186991869918	0.15447154471544716	0.4634146341463415	0.0	0.10569105691056911
R02_W8.bam	0.21138211382113822	0.23577235772357724	0.21138211382113822	0.5528455284552846	0.10569105691056911	0.0
