	DS02.bam	DS03.bam	DS04.bam	R01_Pre.bam	R02_W4.bam	R02_W8.bam
DS02.bam	0.0	0.08766480583451827	0.07632121825782094	0.5750377363906399	0.28412971895786737	0.29389184437863003
DS03.bam	0.08766480583451827	0.0	0.0772906540695813	0.599978995710703	0.28155964588854926	0.27261417444344277
DS04.bam	0.07632121825782094	0.0772906540695813	0.0	0.5887486436940236	0.27733608519238667	0.2994321278949636
R01_Pre.bam	0.5750377363906399	0.599978995710703	0.5887486436940236	0.0	0.5464769673214451	0.5801071105949155
R02_W4.bam	0.28412971895786737	0.28155964588854926	0.27733608519238667	0.5464769673214451	0.0	0.2098343336172061
R02_W8.bam	0.29389184437863003	0.27261417444344277	0.2994321278949636	0.5801071105949155	0.2098343336172061	0.0
