	DS01.bam	DS02.bam	DS03.bam	DS04.bam	R01_W4.bam	R01_W8.bam
DS01.bam	0.0	0.05862239005211219	0.0572189484244821	0.05668754216386742	0.23943169028405897	0.30488406294931375
DS02.bam	0.05862239005211219	0.0	0.02977920122775634	0.02932513924329335	0.21410819666690362	0.27915142438375745
DS03.bam	0.0572189484244821	0.02977920122775634	0.0	0.02658447489403206	0.20883749707739802	0.27706592599530566
DS04.bam	0.05668754216386742	0.02932513924329335	0.02658447489403206	0.0	0.2126710014655417	0.2812579565609825
R01_W4.bam	0.23943169028405897	0.21410819666690362	0.20883749707739802	0.2126710014655417	0.0	0.07852307482068742
R01_W8.bam	0.30488406294931375	0.27915142438375745	0.27706592599530566	0.2812579565609825	0.07852307482068742	0.0
