	DS01.bam	DS02.bam	DS03.bam	DS04.bam	R01_Pre.bam	R01_W4.bam	R01_W8.bam	R02_W4.bam
DS01.bam	0.0	0.0	0.0	0.0	0.45045045045045046	0.25225225225225223	0.2882882882882883	0.21621621621621623
DS02.bam	0.0	0.0	0.0	0.0	0.46846846846846846	0.24324324324324326	0.2882882882882883	0.1981981981981982
DS03.bam	0.0	0.0	0.0	0.0	0.4594594594594595	0.2972972972972973	0.2702702702702703	0.24324324324324326
DS04.bam	0.0	0.0	0.0	0.0	0.40540540540540543	0.17117117117117117	0.23423423423423423	0.15315315315315314
R01_Pre.bam	0.45045045045045046	0.46846846846846846	0.4594594594594595	0.40540540540540543	0.0	0.44144144144144143	0.09009009009009009	0.35135135135135137
R01_W4.bam	0.25225225225225223	0.24324324324324326	0.2972972972972973	0.17117117117117117	0.44144144144144143	0.0	0.11711711711711711	0.05405405405405406
R01_W8.bam	0.2882882882882883	0.2882882882882883	0.2702702702702703	0.23423423423423423	0.09009009009009009	0.11711711711711711	0.0	0.11711711711711711
R02_W4.bam	0.21621621621621623	0.1981981981981982	0.24324324324324326	0.15315315315315314	0.35135135135135137	0.05405405405405406	0.11711711711711711	0.0
