	DS02.bam	DS03.bam	DS04.bam	R01_Pre.bam	R02_W4.bam	R02_W8.bam
DS02.bam	0.0	0.0933466384377615	0.08094322210389793	0.3477686750743371	0.38268354631665935	0.38231129488331195
DS03.bam	0.0933466384377615	0.0	0.09375364038313999	0.3378312603939593	0.36507128256039856	0.36472018439152093
DS04.bam	0.08094322210389793	0.09375364038313999	0.0	0.34854519562847297	0.3807340554586617	0.38084229688235727
R01_Pre.bam	0.3477686750743371	0.3378312603939593	0.34854519562847297	0.0	0.38741861932890115	0.38507954040645603
R02_W4.bam	0.38268354631665935	0.36507128256039856	0.3807340554586617	0.38741861932890115	0.0	0.006601414491412563
R02_W8.bam	0.38231129488331195	0.36472018439152093	0.38084229688235727	0.38507954040645603	0.006601414491412563	0.0
