	DS01.bam	DS02.bam	DS03.bam	DS04.bam	R01_W4.bam	R01_W8.bam
DS01.bam	0.0	0.014985437076634233	0.015046962694441172	0.015933462002397036	0.015643263567402328	0.020556243132938072
DS02.bam	0.014985437076634233	0.0	0.01073974024123153	0.010228582675180524	0.007745455524501186	0.016181906574302872
DS03.bam	0.015046962694441172	0.01073974024123153	0.0	0.01083544179889482	0.011857973947948752	0.018294507819617806
DS04.bam	0.015933462002397036	0.010228582675180524	0.01083544179889482	0.0	0.011259448292714247	0.014745741381223506
R01_W4.bam	0.015643263567402328	0.007745455524501186	0.011857973947948752	0.011259448292714247	0.0	0.015713549071071427
R01_W8.bam	0.020556243132938072	0.016181906574302872	0.018294507819617806	0.014745741381223506	0.015713549071071427	0.0
