	DS01.bam	DS02.bam	DS03.bam	DS04.bam	R01_W4.bam	R01_W8.bam	R02_W8.bam
DS01.bam	0.0	0.020806704064550798	0.022141108956595615	0.021222114471908873	0.021835515091754146	0.02016078774515322	0.021645637590393677
DS02.bam	0.020806704064550798	0.0	0.012635964729557702	0.010496964568734024	0.010983038237900538	0.010918217714180995	0.015349654034503816
DS03.bam	0.022141108956595615	0.012635964729557702	0.0	0.012267488916873992	0.013872298196102166	0.012988452125391261	0.015686047335834747
DS04.bam	0.021222114471908873	0.010496964568734024	0.012267488916873992	0.0	0.011962573985636283	0.011531358947400344	0.014889554155800563
R01_W4.bam	0.021835515091754146	0.010983038237900538	0.013872298196102166	0.011962573985636283	0.0	0.011039551397952655	0.01584437064461646
R01_W8.bam	0.02016078774515322	0.010918217714180995	0.012988452125391261	0.011531358947400344	0.011039551397952655	0.0	0.015375003020534076
R02_W8.bam	0.021645637590393677	0.015349654034503816	0.015686047335834747	0.014889554155800563	0.01584437064461646	0.015375003020534076	0.0
