	DS02.bam	DS04.bam	R01_Pre.bam	R01_W8.bam	R02_W4.bam	R02_W8.bam
DS02.bam	0.0	0.0	0.3459715639810427	0.2985781990521327	0.22274881516587677	0.14691943127962084
DS04.bam	0.0	0.0	0.3791469194312796	0.33175355450236965	0.2890995260663507	0.20853080568720378
R01_Pre.bam	0.3459715639810427	0.3791469194312796	0.0	0.004739336492890996	0.12322274881516587	0.13270142180094788
R01_W8.bam	0.2985781990521327	0.33175355450236965	0.004739336492890996	0.0	0.05687203791469194	0.07582938388625593
R02_W4.bam	0.22274881516587677	0.2890995260663507	0.12322274881516587	0.05687203791469194	0.0	0.009478672985781991
R02_W8.bam	0.14691943127962084	0.20853080568720378	0.13270142180094788	0.07582938388625593	0.009478672985781991	0.0
