	DS01.bam	DS02.bam	DS03.bam	DS04.bam	R01_W4.bam	R01_W8.bam	R02_W8.bam
DS01.bam	0.0	0.12617129731664964	0.3253327398989098	0.11810062193908366	0.312761297083331	0.5078455134809798	0.1946217090393714
DS02.bam	0.12617129731664964	0.0	0.3433915922192085	0.05746035844630489	0.3479061194362297	0.5497991093457686	0.15398208888405152
DS03.bam	0.3253327398989098	0.3433915922192085	0.0	0.3845218372136531	0.14829334802900945	0.21665411228472486	0.31251138218185015
DS04.bam	0.11810062193908366	0.05746035844630489	0.3845218372136531	0.0	0.3894167100697738	0.5924031936917239	0.17880689266515767
R01_W4.bam	0.312761297083331	0.3479061194362297	0.14829334802900945	0.3894167100697738	0.0	0.21501231090201464	0.30970343387552857
R01_W8.bam	0.5078455134809798	0.5497991093457686	0.21665411228472486	0.5924031936917239	0.21501231090201464	0.0	0.5052482066659373
R02_W8.bam	0.1946217090393714	0.15398208888405152	0.31251138218185015	0.17880689266515767	0.30970343387552857	0.5052482066659373	0.0
