	DS01.bam	DS02.bam	DS03.bam	DS04.bam	R01_Pre.bam	R02_W8.bam
DS01.bam	0.0	0.005194805194805195	0.006493506493506494	0.004112554112554113	0.9109405745769382	0.006736411736411736
DS02.bam	0.005194805194805195	0.0	0.0012987012987012987	0.0010822510822510823	0.9057457693821331	0.001541606541606542
DS03.bam	0.006493506493506494	0.0012987012987012987	0.0	0.002380952380952381	0.9044470680834317	0.0028403078403078405
DS04.bam	0.004112554112554113	0.0010822510822510823	0.002380952380952381	0.0	0.9068280204643842	0.0026238576238576243
R01_Pre.bam	0.9109405745769382	0.9057457693821331	0.9044470680834317	0.9068280204643842	0.0	0.9042041628405264
R02_W8.bam	0.006736411736411736	0.001541606541606542	0.0028403078403078405	0.0026238576238576243	0.9042041628405264	0.0
