	DS01.bam	DS02.bam	DS03.bam	DS04.bam	R01_W4.bam	R01_W8.bam	R02_W4.bam	R02_W8.bam
DS01.bam	0.0	0.24373485466400444	0.2953034423879001	0.23793651128799245	0.23503430241915163	0.2701079145425744	0.20905152736133198	0.24263768490630355
DS02.bam	0.24373485466400444	0.0	0.1365487530870093	0.14457715776014646	0.24715342031938203	0.3324853619752589	0.12817063883328625	0.22303212410680143
DS03.bam	0.2953034423879001	0.1365487530870093	0.0	0.1987027568795865	0.33451401878098974	0.4240767296676358	0.18182685987268518	0.31030116230680843
DS04.bam	0.23793651128799245	0.14457715776014646	0.1987027568795865	0.0	0.16739610157849055	0.24348603166933902	0.10424185622785706	0.14196452603625753
R01_W4.bam	0.23503430241915163	0.24715342031938203	0.33451401878098974	0.16739610157849055	0.0	0.11487996068665454	0.18760843024129917	0.09774495914223598
R01_W8.bam	0.2701079145425744	0.3324853619752589	0.4240767296676358	0.24348603166933902	0.11487996068665454	0.0	0.2537431801511373	0.12112427531127237
R02_W4.bam	0.20905152736133198	0.12817063883328625	0.18182685987268518	0.10424185622785706	0.18760843024129917	0.2537431801511373	0.0	0.16648058308782512
R02_W8.bam	0.24263768490630355	0.22303212410680143	0.31030116230680843	0.14196452603625753	0.09774495914223598	0.12112427531127237	0.16648058308782512	0.0
