	DS01.bam	DS02.bam	DS03.bam	DS04.bam	R01_W4.bam	R01_W8.bam
DS01.bam	0.0	0.024373501422640095	0.0237803507161498	0.02518670758848753	0.024603428463026652	0.02973190174405929
DS02.bam	0.024373501422640095	0.0	0.009077330037529278	0.008603560916378285	0.008174016421276858	0.014431465115338417
DS03.bam	0.0237803507161498	0.009077330037529278	0.0	0.008852726753369428	0.007959353583564695	0.013876693923898745
DS04.bam	0.02518670758848753	0.008603560916378285	0.008852726753369428	0.0	0.009414565990351571	0.013980560950285197
R01_W4.bam	0.024603428463026652	0.008174016421276858	0.007959353583564695	0.009414565990351571	0.0	0.011362437034579682
R01_W8.bam	0.02973190174405929	0.014431465115338417	0.013876693923898745	0.013980560950285197	0.011362437034579682	0.0
