	DS02.bam	DS03.bam	DS04.bam	R01_W4.bam	R01_W8.bam	R02_W4.bam	R02_W8.bam
DS02.bam	0.0	0.017622454178189393	0.021389572308404582	0.015874130849163788	0.027042264316468955	0.014378294778616952	0.018959956315408852
DS03.bam	0.017622454178189393	0.0	0.016412756272985708	0.014671865559380734	0.026839408777102523	0.016322295339352443	0.019533249695019857
DS04.bam	0.021389572308404582	0.016412756272985708	0.0	0.016244827062268125	0.030189246738550005	0.01994964679494683	0.019160157489438473
R01_W4.bam	0.015874130849163788	0.014671865559380734	0.016244827062268125	0.0	0.025906526994454067	0.013204574389832302	0.015252274155337435
R01_W8.bam	0.027042264316468955	0.026839408777102523	0.030189246738550005	0.025906526994454067	0.0	0.026530426420855683	0.027201787261460962
R02_W4.bam	0.014378294778616952	0.016322295339352443	0.01994964679494683	0.013204574389832302	0.026530426420855683	0.0	0.016929491888087036
R02_W8.bam	0.018959956315408852	0.019533249695019857	0.019160157489438473	0.015252274155337435	0.027201787261460962	0.016929491888087036	0.0
