	DS01.bam	DS02.bam	DS03.bam	DS04.bam	R01_Pre.bam	R01_W8.bam	R02_W4.bam
DS01.bam	0.0	0.06883558464845492	0.07656526731175985	0.06687226702178088	0.3383245485644258	0.3352928422711058	0.19723779808137015
DS02.bam	0.06883558464845492	0.0	0.05955664604485978	0.033852062310164355	0.32552467724169437	0.3224635434740983	0.17136953228483492
DS03.bam	0.07656526731175985	0.05955664604485978	0.0	0.049105566997138	0.33556060736820603	0.3319462342134743	0.18751144338824088
DS04.bam	0.06687226702178088	0.033852062310164355	0.049105566997138	0.0	0.33195592248865924	0.32850480975225044	0.17398149752404057
R01_Pre.bam	0.3383245485644258	0.32552467724169437	0.33556060736820603	0.33195592248865924	0.0	0.010882775738649628	0.3323101579680484
R01_W8.bam	0.3352928422711058	0.3224635434740983	0.3319462342134743	0.32850480975225044	0.010882775738649628	0.0	0.33310172724060055
R02_W4.bam	0.19723779808137015	0.17136953228483492	0.18751144338824088	0.17398149752404057	0.3323101579680484	0.33310172724060055	0.0
