	DS01.bam	DS02.bam	DS03.bam	DS04.bam	R01_W4.bam	R01_W8.bam	R02_W4.bam	R02_W8.bam
DS01.bam	0.0	0.15753188497813012	0.2145737427624641	0.16086158266360986	0.21073440197439078	0.25432611815375766	0.19095427848351784	0.19814542499868648
DS02.bam	0.15753188497813012	0.0	0.10457703421578303	0.04644689593466116	0.08715869938674332	0.13202401310710465	0.06464540815238512	0.07795132993086652
DS03.bam	0.2145737427624641	0.10457703421578303	0.0	0.11163142132204977	0.09030733298529836	0.06721802541995467	0.09332868528120343	0.1236859645393998
DS04.bam	0.16086158266360986	0.04644689593466116	0.11163142132204977	0.0	0.08319832025179072	0.13463344782113004	0.05970794855498902	0.06272416667493234
R01_W4.bam	0.21073440197439078	0.08715869938674332	0.09030733298529836	0.08319832025179072	0.0	0.0825357383214164	0.04538805631064252	0.044479190756274885
R01_W8.bam	0.25432611815375766	0.13202401310710465	0.06721802541995467	0.13463344782113004	0.0825357383214164	0.0	0.09993394926317872	0.11188748090678935
R02_W4.bam	0.19095427848351784	0.06464540815238512	0.09332868528120343	0.05970794855498902	0.04538805631064252	0.09993394926317872	0.0	0.0392618893991902
R02_W8.bam	0.19814542499868648	0.07795132993086652	0.1236859645393998	0.06272416667493234	0.044479190756274885	0.11188748090678935	0.0392618893991902	0.0
