	DS01.bam	DS02.bam	DS04.bam	R01_Pre.bam	R01_W4.bam	R02_W4.bam	R02_W8.bam
DS01.bam	0.0	0.0343037518037518	0.039303751803751806	0.7905484991893897	0.21019790269313898	0.17914790764790767	0.1420851370851371
DS02.bam	0.0343037518037518	0.0	0.020746031746031752	0.7940875451107885	0.22466832116355742	0.18111832611832612	0.14405555555555555
DS04.bam	0.039303751803751806	0.020746031746031752	0.0	0.7980081800314234	0.225255622750859	0.18503896103896106	0.14797619047619048
R01_Pre.bam	0.7905484991893897	0.7940875451107885	0.7980081800314234	0.0	0.7069926133029731	0.6922102160906022	0.7883653228885663
R01_W4.bam	0.21019790269313898	0.22466832116355742	0.225255622750859	0.7069926133029731	0.0	0.20678074979772518	0.09880604291892625
R02_W4.bam	0.17914790764790767	0.18111832611832612	0.18503896103896106	0.6922102160906022	0.20678074979772518	0.0	0.14714935064935064
R02_W8.bam	0.1420851370851371	0.14405555555555555	0.14797619047619048	0.7883653228885663	0.09880604291892625	0.14714935064935064	0.0
