	DS01.bam	DS02.bam	DS03.bam	DS04.bam	R01_W4.bam	R01_W8.bam	R02_W4.bam
DS01.bam	0.0	0.17567392721248593	0.18104204822954822	0.18135076144075926	0.16134211183553288	0.1894745879120879	0.4436778134146555
DS02.bam	0.17567392721248593	0.0	0.04307940185480266	0.03307461942643109	0.03719988298186275	0.047539694272412156	0.3977327577878441
DS03.bam	0.18104204822954822	0.04307940185480266	0.0	0.036033703297614156	0.029074936394015344	0.04712301587301587	0.41244518456689505
DS04.bam	0.18135076144075926	0.03307461942643109	0.036033703297614156	0.0	0.03834391136440117	0.03866538265626719	0.409001128993368
R01_W4.bam	0.16134211183553288	0.03719988298186275	0.029074936394015344	0.03834391136440117	0.0	0.028132476076555023	0.38337024817287974
R01_W8.bam	0.1894745879120879	0.047539694272412156	0.04712301587301587	0.03866538265626719	0.028132476076555023	0.0	0.39587772424943474
R02_W4.bam	0.4436778134146555	0.3977327577878441	0.41244518456689505	0.409001128993368	0.38337024817287974	0.39587772424943474	0.0
