	DS01.bam	DS02.bam	DS03.bam	DS04.bam	R01_Pre.bam	R01_W4.bam	R02_W4.bam	R02_W8.bam
DS01.bam	0.0	0.09151881178311222	0.0853797289724148	0.0840075432691247	0.34017690943405765	0.3338147577014966	0.2566417863607564	0.2332032205935715
DS02.bam	0.09151881178311222	0.0	0.06985448755522317	0.05710879131810423	0.33183963874381206	0.3239713766643187	0.22531047835122356	0.20178629888947588
DS03.bam	0.0853797289724148	0.06985448755522317	0.0	0.06627238089888998	0.34211989012924054	0.33596354215742547	0.2478137313779205	0.2268454473021682
DS04.bam	0.0840075432691247	0.05710879131810423	0.06627238089888998	0.0	0.33125624623174993	0.324496678850192	0.23321045234023352	0.21861540991088427
R01_Pre.bam	0.34017690943405765	0.33183963874381206	0.34211989012924054	0.33125624623174993	0.0	0.02469781638504922	0.28696924605940477	0.30115100685547846
R01_W4.bam	0.3338147577014966	0.3239713766643187	0.33596354215742547	0.324496678850192	0.02469781638504922	0.0	0.2855404917590172	0.29855212153973765
R02_W4.bam	0.2566417863607564	0.22531047835122356	0.2478137313779205	0.23321045234023352	0.28696924605940477	0.2855404917590172	0.0	0.14867790696708966
R02_W8.bam	0.2332032205935715	0.20178629888947588	0.2268454473021682	0.21861540991088427	0.30115100685547846	0.29855212153973765	0.14867790696708966	0.0
