	DS01.bam	DS02.bam	R01_W4.bam	R01_W8.bam	R02_Pre.bam	R02_W4.bam	R02_W8.bam
DS01.bam	0.0	0.019926370112298707	0.017037654165134843	0.018258987815630023	0.5763131846799439	0.5777257498597748	0.5769218375333484
DS02.bam	0.019926370112298707	0.0	0.014576693500343992	0.014486004166771677	0.5733399885178023	0.5751141749546037	0.5741698089749387
R01_W4.bam	0.017037654165134843	0.014576693500343992	0.0	0.010184658627599522	0.5768972226347974	0.5765478886460967	0.5769134082854933
R01_W8.bam	0.018258987815630023	0.014486004166771677	0.010184658627599522	0.0	0.5751654029736616	0.5760095707305817	0.5767664077255983
R02_Pre.bam	0.5763131846799439	0.5733399885178023	0.5768972226347974	0.5751654029736616	0.0	0.009533617086924708	0.00857257035659582
R02_W4.bam	0.5777257498597748	0.5751141749546037	0.5765478886460967	0.5760095707305817	0.009533617086924708	0.0	0.009744605545817688
R02_W8.bam	0.5769218375333484	0.5741698089749387	0.5769134082854933	0.5767664077255983	0.00857257035659582	0.009744605545817688	0.0
