	DS01.bam	DS02.bam	DS03.bam	DS04.bam	R01_W4.bam	R02_W4.bam
DS01.bam	0.0	0.02983411451153387	0.03582684464219503	0.03330674701642443	0.03360215053763441	0.036534701857282505
DS02.bam	0.02983411451153387	0.0	0.008382216391115171	0.008934315385928294	0.00615752228655455	0.00909007360620264
DS03.bam	0.03582684464219503	0.008382216391115171	0.0	0.005001487203934364	0.0022246941045606203	0.005157245424208711
DS04.bam	0.03330674701642443	0.008934315385928294	0.005001487203934364	0.0	0.0027767930993737437	0.0057093444190218345
R01_W4.bam	0.03360215053763441	0.00615752228655455	0.0022246941045606203	0.0027767930993737437	0.0	0.0029325513196480912
R02_W4.bam	0.036534701857282505	0.00909007360620264	0.005157245424208711	0.0057093444190218345	0.0029325513196480912	0.0
