	DS01.bam	DS02.bam	DS03.bam	DS04.bam	R01_W4.bam	R01_W8.bam	R02_W4.bam	R02_W8.bam
DS01.bam	0.0	0.004627654405614005	0.0020634920634920633	0.0031014101701548748	0.0015759966777408648	0.004799882177494529	0.005373826413308211	0.0007142857142857149
DS02.bam	0.004627654405614005	0.0	0.006294321072280672	0.004477576480530783	0.004378254257958043	0.006268491882801702	0.006387547226107794	0.003913368691328291
DS03.bam	0.0020634920634920633	0.006294321072280672	0.0	0.0051649022336469385	0.0028089239571797717	0.006443206173759701	0.007025626422456924	0.0027777777777777783
DS04.bam	0.0031014101701548748	0.004477576480530783	0.0051649022336469385	0.0	0.0032488354193243095	0.00555124656010362	0.0058423475148632175	0.0023871244558691597
R01_W4.bam	0.0015759966777408648	0.004378254257958043	0.0028089239571797717	0.0032488354193243095	0.0	0.0045271393594370725	0.004953395771309862	0.0008617109634551499
R01_W8.bam	0.004799882177494529	0.006268491882801702	0.006443206173759701	0.00555124656010362	0.0045271393594370725	0.0	0.006883020431036986	0.004085596463208814
R02_W4.bam	0.005373826413308211	0.006387547226107794	0.007025626422456924	0.0058423475148632175	0.004953395771309862	0.006883020431036986	0.0	0.00474633118678504
R02_W8.bam	0.0007142857142857149	0.003913368691328291	0.0027777777777777783	0.0023871244558691597	0.0008617109634551499	0.004085596463208814	0.00474633118678504	0.0
