	DS01.bam	DS02.bam	DS03.bam	DS04.bam	R01_W8.bam	R02_W4.bam	R02_W8.bam
DS01.bam	0.0	0.002351588628762542	0.009553238192179592	0.005624809972636058	0.0016722408026755855	0.017089607313833438	0.22382408921968652
DS02.bam	0.002351588628762542	0.0	0.008560345215590962	0.00463191699604743	0.0006793478260869565	0.016096714337244807	0.22582969699272307
DS03.bam	0.009553238192179592	0.008560345215590962	0.0	0.01183356655946448	0.007880997389504006	0.018950537813705332	0.22958819235684225
DS04.bam	0.005624809972636058	0.00463191699604743	0.01183356655946448	0.0	0.003952569169960473	0.019369935681118323	0.22119777999667564
R01_W8.bam	0.0016722408026755855	0.0006793478260869565	0.007880997389504006	0.003952569169960473	0.0	0.01541736651115785	0.22515034916663612
R02_W4.bam	0.017089607313833438	0.016096714337244807	0.018950537813705332	0.019369935681118323	0.01541736651115785	0.0	0.2191958982565013
R02_W8.bam	0.22382408921968652	0.22582969699272307	0.22958819235684225	0.22119777999667564	0.22515034916663612	0.2191958982565013	0.0
