	DS02.bam	DS04.bam	R01_Pre.bam	R01_W8.bam	R02_W4.bam	R02_W8.bam
DS02.bam	0.0	0.054777183991582844	0.34877532272820205	0.3335766846022852	0.2943461556097618	0.256336171705087
DS04.bam	0.054777183991582844	0.0	0.3724258613365828	0.36073514564298786	0.3188364387273238	0.28087383813752326
R01_Pre.bam	0.34877532272820205	0.3724258613365828	0.0	0.07593245143308977	0.21262729423517324	0.2419631411974821
R01_W8.bam	0.3335766846022852	0.36073514564298786	0.07593245143308977	0.0	0.16910892523345322	0.19773144457921316
R02_W4.bam	0.2943461556097618	0.3188364387273238	0.21262729423517324	0.16910892523345322	0.0	0.10520007338055981
R02_W8.bam	0.256336171705087	0.28087383813752326	0.2419631411974821	0.19773144457921316	0.10520007338055981	0.0
