	DS01.bam	DS02.bam	DS03.bam	DS04.bam	R01_Pre.bam	R01_W8.bam	R02_W4.bam
DS01.bam	0.0	0.008438818565400843	0.004219409282700422	0.004219409282700422	0.5654008438818565	0.02531645569620253	0.28270042194092826
DS02.bam	0.008438818565400843	0.0	0.0	0.0	0.5780590717299579	0.012658227848101266	0.29535864978902954
DS03.bam	0.004219409282700422	0.0	0.0	0.0	0.5864978902953587	0.008438818565400843	0.3080168776371308
DS04.bam	0.004219409282700422	0.0	0.0	0.0	0.5864978902953587	0.012658227848101266	0.31223628691983124
R01_Pre.bam	0.5654008438818565	0.5780590717299579	0.5864978902953587	0.5864978902953587	0.0	0.4388185654008439	0.5822784810126582
R01_W8.bam	0.02531645569620253	0.012658227848101266	0.008438818565400843	0.012658227848101266	0.4388185654008439	0.0	0.21940928270042195
R02_W4.bam	0.28270042194092826	0.29535864978902954	0.3080168776371308	0.31223628691983124	0.5822784810126582	0.21940928270042195	0.0
