	FAT_006-22-42-0.bam	FAT_008-22-0-0.bam	FAT_008-22-14-0.bam	FAT_008-22-42-0.bam	FAT_008-22-84-0.bam	FAT_015-22-0-0.bam	FAT_015-22-2-0.bam	FAT_015-22-42-0.bam	FAT_015-22-84-0.bam	FAT_DON_11-22-0-4.bam	FAT_DON_11-22-0-5.bam	FAT_DON_11-22-0-6.bam
FAT_006-22-42-0.bam	0.0	0.22983870967741934	0.22580645161290322	0.22983870967741934	0.22983870967741934	0.12903225806451613	0.20161290322580644	0.11693548387096774	0.14112903225806453	0.1975806451612903	0.20161290322580644	0.16129032258064516
FAT_008-22-0-0.bam	0.22983870967741934	0.0	0.0	0.0	0.0	0.28225806451612906	0.3548387096774194	0.3064516129032258	0.29838709677419356	0.3225806451612903	0.35080645161290325	0.3064516129032258
FAT_008-22-14-0.bam	0.22580645161290322	0.0	0.0	0.0	0.0	0.27419354838709675	0.3548387096774194	0.3024193548387097	0.29838709677419356	0.3225806451612903	0.35080645161290325	0.3064516129032258
FAT_008-22-42-0.bam	0.22983870967741934	0.0	0.0	0.0	0.0	0.28225806451612906	0.3548387096774194	0.3024193548387097	0.29838709677419356	0.3225806451612903	0.35080645161290325	0.3064516129032258
FAT_008-22-84-0.bam	0.22983870967741934	0.0	0.0	0.0	0.0	0.28225806451612906	0.3548387096774194	0.3064516129032258	0.29838709677419356	0.3225806451612903	0.35080645161290325	0.3064516129032258
FAT_015-22-0-0.bam	0.12903225806451613	0.28225806451612906	0.27419354838709675	0.28225806451612906	0.28225806451612906	0.0	0.1935483870967742	0.0	0.07661290322580645	0.2056451612903226	0.21370967741935484	0.1774193548387097
FAT_015-22-2-0.bam	0.20161290322580644	0.3548387096774194	0.3548387096774194	0.3548387096774194	0.3548387096774194	0.1935483870967742	0.0	0.22580645161290322	0.2620967741935484	0.0	0.0	0.0
FAT_015-22-42-0.bam	0.11693548387096774	0.3064516129032258	0.3024193548387097	0.3024193548387097	0.3064516129032258	0.0	0.22580645161290322	0.0	0.028225806451612902	0.22983870967741934	0.24193548387096775	0.21774193548387097
FAT_015-22-84-0.bam	0.14112903225806453	0.29838709677419356	0.29838709677419356	0.29838709677419356	0.29838709677419356	0.07661290322580645	0.2620967741935484	0.028225806451612902	0.0	0.24596774193548387	0.27419354838709675	0.23790322580645162
FAT_DON_11-22-0-4.bam	0.1975806451612903	0.3225806451612903	0.3225806451612903	0.3225806451612903	0.3225806451612903	0.2056451612903226	0.0	0.22983870967741934	0.24596774193548387	0.0	0.0	0.0
FAT_DON_11-22-0-5.bam	0.20161290322580644	0.35080645161290325	0.35080645161290325	0.35080645161290325	0.35080645161290325	0.21370967741935484	0.0	0.24193548387096775	0.27419354838709675	0.0	0.0	0.0
FAT_DON_11-22-0-6.bam	0.16129032258064516	0.3064516129032258	0.3064516129032258	0.3064516129032258	0.3064516129032258	0.1774193548387097	0.0	0.21774193548387097	0.23790322580645162	0.0	0.0	0.0
