	FAT_006-22-0-0.bam	FAT_006-22-42-0.bam	FAT_008-22-2-0.bam	FAT_008-22-42-0.bam	FAT_008-22-84-0.bam	FAT_015-22-0-0.bam	FAT_015-22-2-0.bam	FAT_015-22-42-0.bam	FAT_DON_11-22-0-5.bam	FAT_DON_11-22-0-6.bam
FAT_006-22-0-0.bam	0.0	0.06045998613910375	0.3062881890108992	0.28950792475657605	0.30900032822914747	0.2816954217856262	0.2998942436328461	0.27423806889818225	0.31136475950035475	0.2928079905413365
FAT_006-22-42-0.bam	0.06045998613910375	0.0	0.28330516312533716	0.27705831936838016	0.29737385091493723	0.26137210259760735	0.27745492828783314	0.2522860426829663	0.28766000529269886	0.2696292819723518
FAT_008-22-2-0.bam	0.3062881890108992	0.28330516312533716	0.0	0.2697764727415884	0.28906191187807545	0.19718919636634127	0.027394282051800434	0.22488588810749027	0.020071295553363202	0.035011165727757906
FAT_008-22-42-0.bam	0.28950792475657605	0.27705831936838016	0.2697764727415884	0.0	0.04633253867936322	0.2539737639002684	0.26801778019793426	0.2535718054347618	0.2795011535847677	0.2548983429807497
FAT_008-22-84-0.bam	0.30900032822914747	0.29737385091493723	0.28906191187807545	0.04633253867936322	0.0	0.28134737027332807	0.2839701885080128	0.2728940810542349	0.293842919804706	0.2739634099312486
FAT_015-22-0-0.bam	0.2816954217856262	0.26137210259760735	0.19718919636634127	0.2539737639002684	0.28134737027332807	0.0	0.188788350341631	0.15655836342108756	0.2009314586523863	0.17903258281433876
FAT_015-22-2-0.bam	0.2998942436328461	0.27745492828783314	0.027394282051800434	0.26801778019793426	0.2839701885080128	0.188788350341631	0.0	0.21395018458877677	0.021719470578587585	0.029258078603265795
FAT_015-22-42-0.bam	0.27423806889818225	0.2522860426829663	0.22488588810749027	0.2535718054347618	0.2728940810542349	0.15655836342108756	0.21395018458877677	0.0	0.22448864550170264	0.1965430284898976
FAT_DON_11-22-0-5.bam	0.31136475950035475	0.28766000529269886	0.020071295553363202	0.2795011535847677	0.293842919804706	0.2009314586523863	0.021719470578587585	0.22448864550170264	0.0	0.028488805284930876
FAT_DON_11-22-0-6.bam	0.2928079905413365	0.2696292819723518	0.035011165727757906	0.2548983429807497	0.2739634099312486	0.17903258281433876	0.029258078603265795	0.1965430284898976	0.028488805284930876	0.0
