	FAT_006-22-0-0.bam	FAT_006-22-2-0.bam	FAT_006-22-42-0.bam	FAT_006-22-84-0.bam	FAT_008-22-2-0.bam	FAT_015-22-0-0.bam	FAT_015-22-14-0.bam	FAT_015-22-2-0.bam	FAT_015-22-42-0.bam	FAT_015-22-84-0.bam	FAT_DON_11-22-0-5.bam	FAT_DON_11-22-0-6.bam
FAT_006-22-0-0.bam	0.0	0.4448103825557979	0.12178771348210093	0.4208448424794578	0.4488832102902512	0.4092733278775254	0.4312779772766426	0.40081741824853745	0.4708978983978984	0.4556386282030628	0.4005855490953298	0.42806389818055585
FAT_006-22-2-0.bam	0.4448103825557979	0.0	0.4691908870165006	0.31417514692395554	0.004816983483817381	0.39170111079308967	0.06807244851784346	0.36021000142228765	0.045980598138971034	0.027282444302244777	0.3739550651600017	0.5019449892961384
FAT_006-22-42-0.bam	0.12178771348210093	0.4691908870165006	0.0	0.45376856950398536	0.47339302640721304	0.425670194423927	0.4586012604009861	0.42088830388971915	0.4704655918751913	0.481568544245456	0.41619246867132464	0.41824326708976156
FAT_006-22-84-0.bam	0.4208448424794578	0.31417514692395554	0.45376856950398536	0.0	0.31419001783860034	0.37610160475824844	0.3101233805146351	0.3729916876439799	0.30448139025725235	0.32348521939703073	0.3753256092948598	0.45970465937571187
FAT_008-22-2-0.bam	0.4488832102902512	0.004816983483817381	0.47339302640721304	0.31419001783860034	0.0	0.3935012353197119	0.07003317385868991	0.3623835574107473	0.04350967635179478	0.025202424595093708	0.37574012075996105	0.5034247141559843
FAT_015-22-0-0.bam	0.4092733278775254	0.39170111079308967	0.425670194423927	0.37610160475824844	0.3935012353197119	0.0	0.3239771187740726	0.12485245857415428	0.3395344182041873	0.37959228911658577	0.11977625934842036	0.1794239422890325
FAT_015-22-14-0.bam	0.4312779772766426	0.06807244851784346	0.4586012604009861	0.3101233805146351	0.07003317385868991	0.3239771187740726	0.0	0.2925260532929445	0.05108811830901234	0.06383111564559246	0.3058826166421583	0.43387254077829496
FAT_015-22-2-0.bam	0.40081741824853745	0.36021000142228765	0.42088830388971915	0.3729916876439799	0.3623835574107473	0.12485245857415428	0.2925260532929445	0.0	0.3033013567087324	0.34759747933515217	0.03898374899507684	0.14637493186479283
FAT_015-22-42-0.bam	0.4708978983978984	0.045980598138971034	0.4704655918751913	0.30448139025725235	0.04350967635179478	0.3395344182041873	0.05108811830901234	0.3033013567087324	0.0	0.04667804498239281	0.31298728197378395	0.43647120802794076
FAT_015-22-84-0.bam	0.4556386282030628	0.027282444302244777	0.481568544245456	0.32348521939703073	0.025202424595093708	0.37959228911658577	0.06383111564559246	0.34759747933515217	0.04667804498239281	0.0	0.361732327369967	0.4923612190140653
FAT_DON_11-22-0-5.bam	0.4005855490953298	0.3739550651600017	0.41619246867132464	0.3753256092948598	0.37574012075996105	0.11977625934842036	0.3058826166421583	0.03898374899507684	0.31298728197378395	0.361732327369967	0.0	0.1284490609589098
FAT_DON_11-22-0-6.bam	0.42806389818055585	0.5019449892961384	0.41824326708976156	0.45970465937571187	0.5034247141559843	0.1794239422890325	0.43387254077829496	0.14637493186479283	0.43647120802794076	0.4923612190140653	0.1284490609589098	0.0
