	FAT_006-22-0-0.bam	FAT_006-22-42-0.bam	FAT_006-22-84-0.bam	FAT_008-22-0-0.bam	FAT_008-22-14-0.bam	FAT_DON_11-22-0-4.bam
FAT_006-22-0-0.bam	0.0	0.2068527192708199	0.3763547658518499	0.3606734187751539	0.3612648871914302	0.3806300448364311
FAT_006-22-42-0.bam	0.2068527192708199	0.0	0.30615314348214484	0.32133569994377104	0.27391231801238813	0.28901449098097526
FAT_006-22-84-0.bam	0.3763547658518499	0.30615314348214484	0.0	0.20355510122951986	0.06618568903346006	0.06736599014300793
FAT_008-22-0-0.bam	0.3606734187751539	0.32133569994377104	0.20355510122951986	0.0	0.23165416654244772	0.2279376726025153
FAT_008-22-14-0.bam	0.3612648871914302	0.27391231801238813	0.06618568903346006	0.23165416654244772	0.0	0.09408397633667213
FAT_DON_11-22-0-4.bam	0.3806300448364311	0.28901449098097526	0.06736599014300793	0.2279376726025153	0.09408397633667213	0.0
