	FAT_006-22-2-0.bam	FAT_008-22-0-0.bam	FAT_008-22-14-0.bam	FAT_008-22-2-0.bam	FAT_015-22-2-0.bam	FAT_DON_11-22-0-4.bam	FAT_DON_11-22-0-5.bam	FAT_DON_11-22-0-6.bam
FAT_006-22-2-0.bam	0.0	0.514018691588785	0.4216897762227035	0.0074102169896562405	0.14105006066465514	0.23475478746659195	0.2268848030732031	0.1492656967068242
FAT_008-22-0-0.bam	0.514018691588785	0.0	0.09232891536608152	0.5086853177974674	0.4989178756199386	0.5114314129520401	0.5183401804275239	0.5138567821295206
FAT_008-22-14-0.bam	0.4216897762227035	0.09232891536608152	0.0	0.4163564024313858	0.40658896025385705	0.41910249758595847	0.42601126506144243	0.421527866763439
FAT_008-22-2-0.bam	0.0074102169896562405	0.5086853177974674	0.4163564024313858	0.0	0.1402736400038272	0.23622630006163156	0.2280694882188558	0.15051146547595745
FAT_015-22-2-0.bam	0.14105006066465514	0.4989178756199386	0.40658896025385705	0.1402736400038272	0.0	0.13699992059484212	0.11655055478880305	0.1018642435031044
FAT_DON_11-22-0-4.bam	0.23475478746659195	0.5114314129520401	0.41910249758595847	0.23622630006163156	0.13699992059484212	0.0	0.08835944487260833	0.11463506530865938
FAT_DON_11-22-0-5.bam	0.2268848030732031	0.5183401804275239	0.42601126506144243	0.2280694882188558	0.11655055478880305	0.08835944487260833	0.0	0.11294220325870047
FAT_DON_11-22-0-6.bam	0.1492656967068242	0.5138567821295206	0.421527866763439	0.15051146547595745	0.1018642435031044	0.11463506530865938	0.11294220325870047	0.0
