	FAT_006-22-0-0.bam	FAT_006-22-2-0.bam	FAT_006-22-42-0.bam	FAT_006-22-84-0.bam	FAT_008-22-0-0.bam	FAT_008-22-14-0.bam	FAT_008-22-2-0.bam	FAT_008-22-42-0.bam	FAT_008-22-84-0.bam	FAT_015-22-0-0.bam	FAT_015-22-2-0.bam	FAT_015-22-42-0.bam	FAT_015-22-84-0.bam	FAT_DON_11-22-0-4.bam	FAT_DON_11-22-0-5.bam	FAT_DON_11-22-0-6.bam
FAT_006-22-0-0.bam	0.0	0.32085561497326204	0.0	0.0	0.2192513368983957	0.29411764705882354	0.3422459893048128	0.2994652406417112	0.3048128342245989	0.20320855614973263	0.3422459893048128	0.35294117647058826	0.2727272727272727	0.32620320855614976	0.3422459893048128	0.3422459893048128
FAT_006-22-2-0.bam	0.32085561497326204	0.0	0.3155080213903743	0.25133689839572193	0.23529411764705882	0.39037433155080214	0.0	0.08021390374331551	0.08021390374331551	0.20855614973262032	0.0	0.39572192513368987	0.32085561497326204	0.0	0.0	0.0
FAT_006-22-42-0.bam	0.0	0.3155080213903743	0.0	0.0	0.22459893048128343	0.3048128342245989	0.33689839572192515	0.3048128342245989	0.3048128342245989	0.20320855614973263	0.33689839572192515	0.34759358288770054	0.2727272727272727	0.32085561497326204	0.33689839572192515	0.33689839572192515
FAT_006-22-84-0.bam	0.0	0.25133689839572193	0.0	0.0	0.20320855614973263	0.27807486631016043	0.2727272727272727	0.24064171122994651	0.24064171122994651	0.15508021390374332	0.2727272727272727	0.2620320855614973	0.2192513368983957	0.25668449197860965	0.2727272727272727	0.2727272727272727
FAT_008-22-0-0.bam	0.2192513368983957	0.23529411764705882	0.22459893048128343	0.20320855614973263	0.0	0.0	0.25668449197860965	0.0106951871657754	0.13903743315508021	0.1711229946524064	0.24598930481283424	0.29411764705882354	0.22994652406417113	0.25133689839572193	0.2620320855614973	0.25133689839572193
FAT_008-22-14-0.bam	0.29411764705882354	0.39037433155080214	0.3048128342245989	0.27807486631016043	0.0	0.0	0.4117647058823529	0.24598930481283424	0.3315508021390374	0.2620320855614973	0.40641711229946526	0.3850267379679144	0.32085561497326204	0.39572192513368987	0.4117647058823529	0.4117647058823529
FAT_008-22-2-0.bam	0.3422459893048128	0.0	0.33689839572192515	0.2727272727272727	0.25668449197860965	0.4117647058823529	0.0	0.0855614973262032	0.0855614973262032	0.24064171122994651	0.0	0.41711229946524064	0.33689839572192515	0.0	0.0	0.0
FAT_008-22-42-0.bam	0.2994652406417112	0.08021390374331551	0.3048128342245989	0.24064171122994651	0.0106951871657754	0.24598930481283424	0.0855614973262032	0.0	0.0	0.1443850267379679	0.0855614973262032	0.39572192513368987	0.3048128342245989	0.0855614973262032	0.0855614973262032	0.0855614973262032
FAT_008-22-84-0.bam	0.3048128342245989	0.08021390374331551	0.3048128342245989	0.24064171122994651	0.13903743315508021	0.3315508021390374	0.0855614973262032	0.0	0.0	0.2192513368983957	0.0855614973262032	0.39572192513368987	0.31016042780748665	0.0855614973262032	0.0855614973262032	0.0855614973262032
FAT_015-22-0-0.bam	0.20320855614973263	0.20855614973262032	0.20320855614973263	0.15508021390374332	0.1711229946524064	0.2620320855614973	0.24064171122994651	0.1443850267379679	0.2192513368983957	0.0	0.23529411764705882	0.25133689839572193	0.12299465240641712	0.22994652406417113	0.24064171122994651	0.23529411764705882
FAT_015-22-2-0.bam	0.3422459893048128	0.0	0.33689839572192515	0.2727272727272727	0.24598930481283424	0.40641711229946526	0.0	0.0855614973262032	0.0855614973262032	0.23529411764705882	0.0	0.41711229946524064	0.33689839572192515	0.0	0.0	0.0
FAT_015-22-42-0.bam	0.35294117647058826	0.39572192513368987	0.34759358288770054	0.2620320855614973	0.29411764705882354	0.3850267379679144	0.41711229946524064	0.39572192513368987	0.39572192513368987	0.25133689839572193	0.41711229946524064	0.0	0.0	0.39572192513368987	0.41711229946524064	0.41711229946524064
FAT_015-22-84-0.bam	0.2727272727272727	0.32085561497326204	0.2727272727272727	0.2192513368983957	0.22994652406417113	0.32085561497326204	0.33689839572192515	0.3048128342245989	0.31016042780748665	0.12299465240641712	0.33689839572192515	0.0	0.0	0.32085561497326204	0.33689839572192515	0.33689839572192515
FAT_DON_11-22-0-4.bam	0.32620320855614976	0.0	0.32085561497326204	0.25668449197860965	0.25133689839572193	0.39572192513368987	0.0	0.0855614973262032	0.0855614973262032	0.22994652406417113	0.0	0.39572192513368987	0.32085561497326204	0.0	0.0	0.0
FAT_DON_11-22-0-5.bam	0.3422459893048128	0.0	0.33689839572192515	0.2727272727272727	0.2620320855614973	0.4117647058823529	0.0	0.0855614973262032	0.0855614973262032	0.24064171122994651	0.0	0.41711229946524064	0.33689839572192515	0.0	0.0	0.0
FAT_DON_11-22-0-6.bam	0.3422459893048128	0.0	0.33689839572192515	0.2727272727272727	0.25133689839572193	0.4117647058823529	0.0	0.0855614973262032	0.0855614973262032	0.23529411764705882	0.0	0.41711229946524064	0.33689839572192515	0.0	0.0	0.0
