	FAT_006-22-0-0.bam	FAT_006-22-2-0.bam	FAT_006-22-42-0.bam	FAT_006-22-84-0.bam	FAT_008-22-0-0.bam	FAT_008-22-14-0.bam	FAT_008-22-2-0.bam	FAT_008-22-42-0.bam	FAT_008-22-84-0.bam	FAT_015-22-0-0.bam	FAT_015-22-2-0.bam	FAT_015-22-42-0.bam	FAT_015-22-84-0.bam	FAT_DON_11-22-0-4.bam	FAT_DON_11-22-0-5.bam	FAT_DON_11-22-0-6.bam
FAT_006-22-0-0.bam	0.0	0.329612935062283	0.038395755915079675	0.040804246516776284	0.3014446470574906	0.29768929844427977	0.3336305332489507	0.3014221956362844	0.3069115953035779	0.2890397654249946	0.3311874191229724	0.3430923198480163	0.32904580005530154	0.33318699073856783	0.33363888418290716	0.3330287954709046
FAT_006-22-2-0.bam	0.329612935062283	0.0	0.3336693718635892	0.3414634635437555	0.28746455280812405	0.35753845972401305	0.005407832382264201	0.14187253299639904	0.09327099356967801	0.26468928270396336	0.012196402710949834	0.4007422058006178	0.38893740746789335	0.0047363516113516115	0.00452106290174472	0.006222721722721722
FAT_006-22-42-0.bam	0.038395755915079675	0.3336693718635892	0.0	0.015405955783859662	0.312332757310738	0.3068720996568835	0.33931348806385486	0.30643413653219836	0.3086277557423668	0.30202197902048034	0.33755897228035386	0.34964276900742464	0.3375670007987091	0.33769102823048747	0.33932202153188695	0.33999771311257776
FAT_006-22-84-0.bam	0.040804246516776284	0.3414634635437555	0.015405955783859662	0.0	0.34010046658622006	0.34523768531114224	0.3456700741627212	0.31459629487887936	0.3082069887986676	0.30551842067792584	0.34351125826765755	0.33155862558604926	0.32565669782504963	0.344086865515437	0.3457578457578458	0.3450683386907877
FAT_008-22-0-0.bam	0.3014446470574906	0.28746455280812405	0.312332757310738	0.34010046658622006	0.0	0.09267158771083685	0.28805531609288537	0.1490777138577424	0.20501140974726034	0.2861735718204007	0.2862303039601625	0.37232127695511424	0.36256866838654117	0.2900647646182681	0.28833104670598625	0.2874773674699142
FAT_008-22-14-0.bam	0.29768929844427977	0.35753845972401305	0.3068720996568835	0.34523768531114224	0.09267158771083685	0.0	0.3572765662649484	0.23794210049014425	0.29523876856235565	0.3209786704360225	0.3560518646376594	0.3714871398615332	0.3725300492159123	0.3577958330691052	0.3579801043646803	0.35750088242784855
FAT_008-22-2-0.bam	0.3336305332489507	0.005407832382264201	0.33931348806385486	0.3456700741627212	0.28805531609288537	0.3572765662649484	0.0	0.143851921670816	0.09020548755564918	0.2690208908191751	0.008657885052042017	0.40107911438616184	0.3922629176878041	0.0012005304915262203	0.0011491708983058474	0.003559195390314935
FAT_008-22-42-0.bam	0.3014221956362844	0.14187253299639904	0.30643413653219836	0.31459629487887936	0.1490777138577424	0.23794210049014425	0.143851921670816	0.0	0.05848609914278621	0.26599310864692555	0.14258138352710223	0.37667179596755074	0.3651123837314618	0.14848293964996923	0.14450962325412312	0.14312977532182627
FAT_008-22-84-0.bam	0.3069115953035779	0.09327099356967801	0.3086277557423668	0.3082069887986676	0.20501140974726034	0.29523876856235565	0.09020548755564918	0.05848609914278621	0.0	0.2722660660122524	0.09217382339861532	0.38345762589863175	0.3730308747516163	0.09391711881644967	0.09021383848960565	0.0931027052804927
FAT_015-22-0-0.bam	0.2890397654249946	0.26468928270396336	0.30202197902048034	0.30551842067792584	0.2861735718204007	0.3209786704360225	0.2690208908191751	0.26599310864692555	0.2722660660122524	0.0	0.26166879123466974	0.31614353004930307	0.22868829049519834	0.2698598952365402	0.26947731532446106	0.26765224467964527
FAT_015-22-2-0.bam	0.3311874191229724	0.012196402710949834	0.33755897228035386	0.34351125826765755	0.2862303039601625	0.3560518646376594	0.008657885052042017	0.14258138352710223	0.09217382339861532	0.26166879123466974	0.0	0.3949353293547839	0.38502347604618403	0.008574019991872439	0.008351746553861998	0.010071251906174424
FAT_015-22-42-0.bam	0.3430923198480163	0.4007422058006178	0.34964276900742464	0.33155862558604926	0.37232127695511424	0.3714871398615332	0.40107911438616184	0.37667179596755074	0.38345762589863175	0.31614353004930307	0.3949353293547839	0.0	0.10707391388772838	0.3975450439377799	0.4015330981186923	0.4012880320622585
FAT_015-22-84-0.bam	0.32904580005530154	0.38893740746789335	0.3375670007987091	0.32565669782504963	0.36256866838654117	0.3725300492159123	0.3922629176878041	0.3651123837314618	0.3730308747516163	0.22868829049519834	0.38502347604618403	0.10707391388772838	0.0	0.389479925806976	0.3927169014203345	0.39242443645692027
FAT_DON_11-22-0-4.bam	0.33318699073856783	0.0047363516113516115	0.33769102823048747	0.344086865515437	0.2900647646182681	0.3577958330691052	0.0012005304915262203	0.14848293964996923	0.09391711881644967	0.2698598952365402	0.008574019991872439	0.3975450439377799	0.389479925806976	0.0	0.0	0.0021607605877268796
FAT_DON_11-22-0-5.bam	0.33363888418290716	0.00452106290174472	0.33932202153188695	0.3457578457578458	0.28833104670598625	0.3579801043646803	0.0011491708983058474	0.14450962325412312	0.09021383848960565	0.26947731532446106	0.008351746553861998	0.4015330981186923	0.3927169014203345	0.0	0.0	0.0024038461538461535
FAT_DON_11-22-0-6.bam	0.3330287954709046	0.006222721722721722	0.33999771311257776	0.3450683386907877	0.2874773674699142	0.35750088242784855	0.003559195390314935	0.14312977532182627	0.0931027052804927	0.26765224467964527	0.010071251906174424	0.4012880320622585	0.39242443645692027	0.0021607605877268796	0.0024038461538461535	0.0
