	FAT_008-22-14-0.bam	FAT_008-22-2-0.bam	FAT_008-22-42-0.bam	FAT_008-22-84-0.bam	FAT_015-22-2-0.bam	FAT_DON_11-22-0-4.bam	FAT_DON_11-22-0-5.bam	FAT_DON_11-22-0-6.bam
FAT_008-22-14-0.bam	0.0	0.006267655367231638	0.05381944444444444	0.005208333333333336	0.010416666666666671	0.005208333333333336	0.005208333333333336	0.005208333333333336
FAT_008-22-2-0.bam	0.006267655367231638	0.0	0.04967043314500941	0.0010593220338983023	0.006267655367231638	0.0010593220338983023	0.0010593220338983023	0.0010593220338983023
FAT_008-22-42-0.bam	0.05381944444444444	0.04967043314500941	0.0	0.048611111111111105	0.05381944444444444	0.048611111111111105	0.048611111111111105	0.048611111111111105
FAT_008-22-84-0.bam	0.005208333333333336	0.0010593220338983023	0.048611111111111105	0.0	0.005208333333333336	0.0	0.0	0.0
FAT_015-22-2-0.bam	0.010416666666666671	0.006267655367231638	0.05381944444444444	0.005208333333333336	0.0	0.005208333333333336	0.005208333333333336	0.005208333333333336
FAT_DON_11-22-0-4.bam	0.005208333333333336	0.0010593220338983023	0.048611111111111105	0.0	0.005208333333333336	0.0	0.0	0.0
FAT_DON_11-22-0-5.bam	0.005208333333333336	0.0010593220338983023	0.048611111111111105	0.0	0.005208333333333336	0.0	0.0	0.0
FAT_DON_11-22-0-6.bam	0.005208333333333336	0.0010593220338983023	0.048611111111111105	0.0	0.005208333333333336	0.0	0.0	0.0
