	FAT_006-22-0-0.bam	FAT_006-22-2-0.bam	FAT_006-22-42-0.bam	FAT_006-22-84-0.bam	FAT_008-22-2-0.bam	FAT_015-22-0-0.bam	FAT_015-22-14-0.bam	FAT_015-22-2-0.bam	FAT_015-22-42-0.bam	FAT_015-22-84-0.bam	FAT_DON_11-22-0-5.bam	FAT_DON_11-22-0-6.bam
FAT_006-22-0-0.bam	0.0	0.43434343434343436	0.020202020202020204	0.31313131313131315	0.43434343434343436	0.25252525252525254	0.40404040404040403	0.36363636363636365	0.36363636363636365	0.43434343434343436	0.35353535353535354	0.3838383838383838
FAT_006-22-2-0.bam	0.43434343434343436	0.0	0.47474747474747475	0.2727272727272727	0.0	0.30303030303030304	0.0	0.47474747474747475	0.0	0.0	0.48484848484848486	0.5050505050505051
FAT_006-22-42-0.bam	0.020202020202020204	0.47474747474747475	0.0	0.36363636363636365	0.47474747474747475	0.2828282828282828	0.47474747474747475	0.37373737373737376	0.37373737373737376	0.47474747474747475	0.3939393939393939	0.41414141414141414
FAT_006-22-84-0.bam	0.31313131313131315	0.2727272727272727	0.36363636363636365	0.0	0.2727272727272727	0.24242424242424243	0.23232323232323232	0.32323232323232326	0.1717171717171717	0.25252525252525254	0.3333333333333333	0.3434343434343434
FAT_008-22-2-0.bam	0.43434343434343436	0.0	0.47474747474747475	0.2727272727272727	0.0	0.31313131313131315	0.0	0.47474747474747475	0.0	0.0	0.48484848484848486	0.5050505050505051
FAT_015-22-0-0.bam	0.25252525252525254	0.30303030303030304	0.2828282828282828	0.24242424242424243	0.31313131313131315	0.0	0.21212121212121213	0.0	0.1919191919191919	0.2828282828282828	0.0	0.020202020202020204
FAT_015-22-14-0.bam	0.40404040404040403	0.0	0.47474747474747475	0.23232323232323232	0.0	0.21212121212121213	0.0	0.23232323232323232	0.0	0.0	0.2727272727272727	0.5050505050505051
FAT_015-22-2-0.bam	0.36363636363636365	0.47474747474747475	0.37373737373737376	0.32323232323232326	0.47474747474747475	0.0	0.23232323232323232	0.0	0.23232323232323232	0.37373737373737376	0.0	0.0
FAT_015-22-42-0.bam	0.36363636363636365	0.0	0.37373737373737376	0.1717171717171717	0.0	0.1919191919191919	0.0	0.23232323232323232	0.0	0.0	0.2727272727272727	0.37373737373737376
FAT_015-22-84-0.bam	0.43434343434343436	0.0	0.47474747474747475	0.25252525252525254	0.0	0.2828282828282828	0.0	0.37373737373737376	0.0	0.0	0.42424242424242425	0.5050505050505051
FAT_DON_11-22-0-5.bam	0.35353535353535354	0.48484848484848486	0.3939393939393939	0.3333333333333333	0.48484848484848486	0.0	0.2727272727272727	0.0	0.2727272727272727	0.42424242424242425	0.0	0.0
FAT_DON_11-22-0-6.bam	0.3838383838383838	0.5050505050505051	0.41414141414141414	0.3434343434343434	0.5050505050505051	0.020202020202020204	0.5050505050505051	0.0	0.37373737373737376	0.5050505050505051	0.0	0.0
