	FAT_006-22-42-0.bam	FAT_008-22-0-0.bam	FAT_008-22-14-0.bam	FAT_008-22-42-0.bam	FAT_008-22-84-0.bam	FAT_015-22-0-0.bam	FAT_015-22-2-0.bam	FAT_015-22-42-0.bam	FAT_015-22-84-0.bam	FAT_DON_11-22-0-4.bam	FAT_DON_11-22-0-5.bam	FAT_DON_11-22-0-6.bam
FAT_006-22-42-0.bam	0.0	0.3405515187757804	0.3423899590715216	0.34053837653461705	0.3409802879864718	0.2764746055571424	0.3062076013162235	0.2814002540751474	0.2914389339955798	0.3195190247719703	0.31265991831852286	0.30192718559105897
FAT_008-22-0-0.bam	0.3405515187757804	0.0	0.0030488065613227832	0.0026832305786360284	0.0037435588248176405	0.3421036581933358	0.3552191324431215	0.3599316727575713	0.35525675713722515	0.34827446413637814	0.35721097774786553	0.35316408086529094
FAT_008-22-14-0.bam	0.3423899590715216	0.0030488065613227832	0.0	0.00431691757126626	0.005601162962861516	0.34058938602045297	0.35677628890096186	0.35965399045203156	0.3569610222771985	0.35109382143575263	0.3593539538594204	0.3551118251022739
FAT_008-22-42-0.bam	0.34053837653461705	0.0026832305786360284	0.00431691757126626	0.0	0.004293872581734551	0.34112697759756677	0.3547174767260993	0.3597605217692209	0.3549965964478775	0.3476424789072144	0.3561850161678848	0.3526927100517825
FAT_008-22-84-0.bam	0.3409802879864718	0.0037435588248176405	0.005601162962861516	0.004293872581734551	0.0	0.34151199532377713	0.3556219521596376	0.36065991821131826	0.35584301493189274	0.3474693454360321	0.35697110268417165	0.35197907667137074
FAT_015-22-0-0.bam	0.2764746055571424	0.3421036581933358	0.34058938602045297	0.34112697759756677	0.34151199532377713	0.0	0.23109870582497627	0.0765407362548433	0.17626326583539773	0.2463552592930205	0.24169918342535318	0.23941321468232987
FAT_015-22-2-0.bam	0.3062076013162235	0.3552191324431215	0.35677628890096186	0.3547174767260993	0.3556219521596376	0.23109870582497627	0.0	0.2153881617888056	0.3081003862619071	0.017333860022319143	0.017591481836805815	0.018312002156474574
FAT_015-22-42-0.bam	0.2814002540751474	0.3599316727575713	0.35965399045203156	0.3597605217692209	0.36065991821131826	0.0765407362548433	0.2153881617888056	0.0	0.18124979147210485	0.2300184485925835	0.2286826776440175	0.2268208156463394
FAT_015-22-84-0.bam	0.2914389339955798	0.35525675713722515	0.3569610222771985	0.3549965964478775	0.35584301493189274	0.17626326583539773	0.3081003862619071	0.18124979147210485	0.0	0.32224862162499196	0.32439087531366584	0.3219335827637419
FAT_DON_11-22-0-4.bam	0.3195190247719703	0.34827446413637814	0.35109382143575263	0.3476424789072144	0.3474693454360321	0.2463552592930205	0.017333860022319143	0.2300184485925835	0.32224862162499196	0.0	0.0021764067526877638	0.003408367663655732
FAT_DON_11-22-0-5.bam	0.31265991831852286	0.35721097774786553	0.3593539538594204	0.3561850161678848	0.35697110268417165	0.24169918342535318	0.017591481836805815	0.2286826776440175	0.32439087531366584	0.0021764067526877638	0.0	0.004904349459151888
FAT_DON_11-22-0-6.bam	0.30192718559105897	0.35316408086529094	0.3551118251022739	0.3526927100517825	0.35197907667137074	0.23941321468232987	0.018312002156474574	0.2268208156463394	0.3219335827637419	0.003408367663655732	0.004904349459151888	0.0
