	FAT_006-22-14-0.bam	FAT_006-22-2-0.bam	FAT_006-22-42-0.bam	FAT_006-22-84-0.bam	FAT_008-22-14-0.bam	FAT_008-22-2-0.bam	FAT_008-22-42-0.bam	FAT_008-22-84-0.bam
FAT_006-22-14-0.bam	0.0	0.0026527941778492097	0.004462902995147312	0.4949612304389072	0.0031363092991125493	0.0035149058537336767	0.004708484692956028	0.0030029342338716183
FAT_006-22-2-0.bam	0.0026527941778492097	0.0	0.001810108817298102	0.49602737064332153	0.0011837952333081576	0.0012212618250916124	0.0022488712356709068	0.0003501400560224089
FAT_006-22-42-0.bam	0.004462902995147312	0.001810108817298102	0.0	0.4963082684414356	0.0023847686438662444	0.003031370642389714	0.0033316098011932503	0.0021602488733205106
FAT_006-22-84-0.bam	0.4949612304389072	0.49602737064332153	0.4963082684414356	0.0	0.4965731589960251	0.4962961256498854	0.49712886328428485	0.496377510699344
FAT_008-22-14-0.bam	0.0031363092991125493	0.0011837952333081576	0.0023847686438662444	0.4965731589960251	0.0	0.002250866941986232	0.0031700614269622577	0.0015339352893305666
FAT_008-22-2-0.bam	0.0035149058537336767	0.0012212618250916124	0.003031370642389714	0.4962961256498854	0.002250866941986232	0.0	0.0030735342918051	0.001571401881114021
FAT_008-22-42-0.bam	0.004708484692956028	0.0022488712356709068	0.0033316098011932503	0.49712886328428485	0.0031700614269622577	0.0030735342918051	0.0	0.0018987311796484982
FAT_008-22-84-0.bam	0.0030029342338716183	0.0003501400560224089	0.0021602488733205106	0.496377510699344	0.0015339352893305666	0.001571401881114021	0.0018987311796484982	0.0
