	FAT_006-22-0-0.bam	FAT_008-22-14-0.bam	FAT_008-22-2-0.bam	FAT_008-22-42-0.bam	FAT_008-22-84-0.bam	FAT_015-22-2-0.bam
FAT_006-22-0-0.bam	0.0	0.5	0.5	0.5032726045883941	0.493734335839599	0.49360902255639094
FAT_008-22-14-0.bam	0.5	0.0	0.0	0.012921727395411607	0.006265664160401001	0.006390977443609024
FAT_008-22-2-0.bam	0.5	0.0	0.0	0.012921727395411607	0.006265664160401001	0.006390977443609024
FAT_008-22-42-0.bam	0.5032726045883941	0.012921727395411607	0.012921727395411607	0.0	0.019187391555812606	0.01931270483902063
FAT_008-22-84-0.bam	0.493734335839599	0.006265664160401001	0.006265664160401001	0.019187391555812606	0.0	0.012656641604010026
FAT_015-22-2-0.bam	0.49360902255639094	0.006390977443609024	0.006390977443609024	0.01931270483902063	0.012656641604010026	0.0
