	FAT_006-22-0-0.bam	FAT_006-22-42-0.bam	FAT_006-22-84-0.bam	FAT_008-22-0-0.bam	FAT_008-22-14-0.bam	FAT_DON_11-22-0-4.bam
FAT_006-22-0-0.bam	0.0	0.06976744186046512	0.36046511627906974	0.3488372093023256	0.3488372093023256	0.36046511627906974
FAT_006-22-42-0.bam	0.06976744186046512	0.0	0.19767441860465115	0.19767441860465115	0.12790697674418605	0.16279069767441862
FAT_006-22-84-0.bam	0.36046511627906974	0.19767441860465115	0.0	0.20930232558139536	0.0	0.023255813953488372
FAT_008-22-0-0.bam	0.3488372093023256	0.19767441860465115	0.20930232558139536	0.0	0.19767441860465115	0.18604651162790697
FAT_008-22-14-0.bam	0.3488372093023256	0.12790697674418605	0.0	0.19767441860465115	0.0	0.011627906976744186
FAT_DON_11-22-0-4.bam	0.36046511627906974	0.16279069767441862	0.023255813953488372	0.18604651162790697	0.011627906976744186	0.0
