	FAT_006-22-2-0.bam	FAT_008-22-0-0.bam	FAT_008-22-14-0.bam	FAT_008-22-2-0.bam	FAT_008-22-42-0.bam	FAT_008-22-84-0.bam	FAT_015-22-42-0.bam
FAT_006-22-2-0.bam	0.0	0.3634652929699911	0.12110531176285143	0.08165767429319333	0.22034580423176284	0.17621074585413854	0.23584900478607349
FAT_008-22-0-0.bam	0.3634652929699911	0.0	0.36064169085490955	0.36940561389157706	0.21403814526550072	0.21951424242309625	0.3524081918305501
FAT_008-22-14-0.bam	0.12110531176285143	0.36064169085490955	0.0	0.0909788395561611	0.20103109538540315	0.1623888207681416	0.24277654094799808
FAT_008-22-2-0.bam	0.08165767429319333	0.36940561389157706	0.0909788395561611	0.0	0.2200515574037286	0.17628342476265182	0.23669277266150038
FAT_008-22-42-0.bam	0.22034580423176284	0.21403814526550072	0.20103109538540315	0.2200515574037286	0.0	0.11999774405147816	0.24025101542934185
FAT_008-22-84-0.bam	0.17621074585413854	0.21951424242309625	0.1623888207681416	0.17628342476265182	0.11999774405147816	0.0	0.252788428102656
FAT_015-22-42-0.bam	0.23584900478607349	0.3524081918305501	0.24277654094799808	0.23669277266150038	0.24025101542934185	0.252788428102656	0.0
