	FAT_006-22-84-0.bam	FAT_015-22-0-0.bam	FAT_015-22-14-0.bam	FAT_015-22-2-0.bam	FAT_015-22-42-0.bam	FAT_015-22-84-0.bam
FAT_006-22-84-0.bam	0.0	0.6188850175075368	0.6310109721858543	0.6313637572713475	0.6310776896035859	0.630706527082383
FAT_015-22-0-0.bam	0.6188850175075368	0.0	0.06314014801179804	0.060281392977799615	0.06088008117889023	0.06336318584335714
FAT_015-22-14-0.bam	0.6310109721858543	0.06314014801179804	0.0	0.004256576477941562	0.00441444072356697	0.0021718132403615114
FAT_015-22-2-0.bam	0.6313637572713475	0.060281392977799615	0.004256576477941562	0.0	0.007749566084055162	0.005791952023734979
FAT_015-22-42-0.bam	0.6310776896035859	0.06088008117889023	0.00441444072356697	0.007749566084055162	0.0	0.005088012846082931
FAT_015-22-84-0.bam	0.630706527082383	0.06336318584335714	0.0021718132403615114	0.005791952023734979	0.005088012846082931	0.0
