	FAT_006-22-0-0.bam	FAT_006-22-42-0.bam	FAT_008-22-2-0.bam	FAT_015-22-0-0.bam	FAT_015-22-2-0.bam	FAT_015-22-42-0.bam	FAT_015-22-84-0.bam
FAT_006-22-0-0.bam	0.0	0.07002747252747253	0.40604179081152764	0.4878891941391942	0.46405167566351785	0.4996580745168339	0.49409354534354544
FAT_006-22-42-0.bam	0.07002747252747253	0.0	0.3935906308603677	0.47233974358974357	0.45937829349013554	0.4905693004811755	0.48239024864024865
FAT_008-22-2-0.bam	0.40604179081152764	0.3935906308603677	0.0	0.43888491990465683	0.0927084903400693	0.4098770934309304	0.445147546167283
FAT_015-22-0-0.bam	0.4878891941391942	0.47233974358974357	0.43888491990465683	0.0	0.48402850439034656	0.047853473214402975	0.01737373737373737
FAT_015-22-2-0.bam	0.46405167566351785	0.45937829349013554	0.0927084903400693	0.48402850439034656	0.0	0.4550206779166201	0.49029113065297275
FAT_015-22-42-0.bam	0.4996580745168339	0.4905693004811755	0.4098770934309304	0.047853473214402975	0.4550206779166201	0.0	0.04740602241137711
FAT_015-22-84-0.bam	0.49409354534354544	0.48239024864024865	0.445147546167283	0.01737373737373737	0.49029113065297275	0.04740602241137711	0.0
