	FAT_006-22-2-0.bam	FAT_008-22-14-0.bam	FAT_008-22-2-0.bam	FAT_008-22-42-0.bam	FAT_015-22-0-0.bam	FAT_015-22-42-0.bam	FAT_015-22-84-0.bam
FAT_006-22-2-0.bam	0.0	0.0	0.0	0.0	0.4701773734031798	0.42549947786312814	0.46464646464646464
FAT_008-22-14-0.bam	0.0	0.0	0.0	0.0	0.4701773734031798	0.42549947786312814	0.46464646464646464
FAT_008-22-2-0.bam	0.0	0.0	0.0	0.0	0.4701773734031798	0.42549947786312814	0.46464646464646464
FAT_008-22-42-0.bam	0.0	0.0	0.0	0.0	0.4701773734031798	0.42549947786312814	0.46464646464646464
FAT_015-22-0-0.bam	0.4701773734031798	0.4701773734031798	0.4701773734031798	0.4701773734031798	0.0	0.08047445765240328	0.04593494916075561
FAT_015-22-42-0.bam	0.42549947786312814	0.42549947786312814	0.42549947786312814	0.42549947786312814	0.08047445765240328	0.0	0.07494354889568808
FAT_015-22-84-0.bam	0.46464646464646464	0.46464646464646464	0.46464646464646464	0.46464646464646464	0.04593494916075561	0.07494354889568808	0.0
