	FAT_006-22-42-0.bam	FAT_008-22-14-0.bam	FAT_008-22-2-0.bam	FAT_015-22-2-0.bam	FAT_015-22-84-0.bam	FAT_DON_11-22-0-5.bam
FAT_006-22-42-0.bam	0.0	0.47990360002985777	0.47990360002985777	0.4203261438531369	0.4527785583368014	0.4164444641902072
FAT_008-22-14-0.bam	0.47990360002985777	0.0	0.0	0.2307696932696933	0.326248837967588	0.13441445707070707
FAT_008-22-2-0.bam	0.47990360002985777	0.0	0.0	0.2307696932696933	0.326248837967588	0.13441445707070707
FAT_015-22-2-0.bam	0.4203261438531369	0.2307696932696933	0.2307696932696933	0.0	0.13850989866614868	0.11146200443075442
FAT_015-22-84-0.bam	0.4527785583368014	0.326248837967588	0.326248837967588	0.13850989866614868	0.0	0.21385819042069043
FAT_DON_11-22-0-5.bam	0.4164444641902072	0.13441445707070707	0.13441445707070707	0.11146200443075442	0.21385819042069043	0.0
