	FAT_006-22-0-0.bam	FAT_006-22-2-0.bam	FAT_006-22-42-0.bam	FAT_008-22-0-0.bam	FAT_008-22-2-0.bam	FAT_008-22-42-0.bam	FAT_008-22-84-0.bam	FAT_015-22-14-0.bam	FAT_015-22-42-0.bam	FAT_DON_11-22-0-5.bam	FAT_DON_11-22-0-6.bam
FAT_006-22-0-0.bam	0.0	0.25901858623510254	0.11045236895957573	0.20999118738377945	0.2650452408608707	0.2542813801567136	0.26419682388660937	0.2657184073310143	0.2691916811551861	0.28216731630916664	0.2725876668582535
FAT_006-22-2-0.bam	0.25901858623510254	0.0	0.2402450553049209	0.2644104563249063	0.035434245558880854	0.06592692175972062	0.04980193846628417	0.06433326664525196	0.06499069349835696	0.1123958617502153	0.07436025672349868
FAT_006-22-42-0.bam	0.11045236895957573	0.2402450553049209	0.0	0.18824377135926892	0.23949457231841773	0.23266955197919817	0.24363690490094217	0.253372317234146	0.2499330900445264	0.25392493684997003	0.24487146884021005
FAT_008-22-0-0.bam	0.20999118738377945	0.2644104563249063	0.18824377135926892	0.0	0.26823531989362925	0.2209787281210342	0.2508167833582789	0.27562725327383475	0.27391134144450985	0.29088993733552204	0.2840073021045907
FAT_008-22-2-0.bam	0.2650452408608707	0.035434245558880854	0.23949457231841773	0.26823531989362925	0.0	0.06869776665256545	0.05936340076855916	0.07965281999831457	0.07509579167742732	0.10977278228498062	0.07084806576462525
FAT_008-22-42-0.bam	0.2542813801567136	0.06592692175972062	0.23266955197919817	0.2209787281210342	0.06869776665256545	0.0	0.0653492644098718	0.09214252603112139	0.08346101133033161	0.15877910640558812	0.1141352697866928
FAT_008-22-84-0.bam	0.26419682388660937	0.04980193846628417	0.24363690490094217	0.2508167833582789	0.05936340076855916	0.0653492644098718	0.0	0.08136474369188508	0.08372991234771007	0.13267550912750595	0.09193210254228056
FAT_015-22-14-0.bam	0.2657184073310143	0.06433326664525196	0.253372317234146	0.27562725327383475	0.07965281999831457	0.09214252603112139	0.08136474369188508	0.0	0.053603507611694134	0.13317935283367355	0.09986237765271971
FAT_015-22-42-0.bam	0.2691916811551861	0.06499069349835696	0.2499330900445264	0.27391134144450985	0.07509579167742732	0.08346101133033161	0.08372991234771007	0.053603507611694134	0.0	0.1426283473456064	0.10095109684758657
FAT_DON_11-22-0-5.bam	0.28216731630916664	0.1123958617502153	0.25392493684997003	0.29088993733552204	0.10977278228498062	0.15877910640558812	0.13267550912750595	0.13317935283367355	0.1426283473456064	0.0	0.07253325074570077
FAT_DON_11-22-0-6.bam	0.2725876668582535	0.07436025672349868	0.24487146884021005	0.2840073021045907	0.07084806576462525	0.1141352697866928	0.09193210254228056	0.09986237765271971	0.10095109684758657	0.07253325074570077	0.0
