	FAT_006-22-42-0.bam	FAT_008-22-2-0.bam	FAT_015-22-2-0.bam	FAT_DON_11-22-0-4.bam	FAT_DON_11-22-0-5.bam	FAT_DON_11-22-0-6.bam
FAT_006-22-42-0.bam	0.0	0.09289617486338798	0.06557377049180328	0.08743169398907104	0.0546448087431694	0.10382513661202186
FAT_008-22-2-0.bam	0.09289617486338798	0.0	0.01639344262295082	0.03278688524590164	0.01092896174863388	0.07103825136612021
FAT_015-22-2-0.bam	0.06557377049180328	0.01639344262295082	0.0	0.0273224043715847	0.0	0.01639344262295082
FAT_DON_11-22-0-4.bam	0.08743169398907104	0.03278688524590164	0.0273224043715847	0.0	0.02185792349726776	0.0546448087431694
FAT_DON_11-22-0-5.bam	0.0546448087431694	0.01092896174863388	0.0	0.02185792349726776	0.0	0.02185792349726776
FAT_DON_11-22-0-6.bam	0.10382513661202186	0.07103825136612021	0.01639344262295082	0.0546448087431694	0.02185792349726776	0.0
