	FAT_006-22-42-0.bam	FAT_008-22-2-0.bam	FAT_015-22-2-0.bam	FAT_DON_11-22-0-4.bam	FAT_DON_11-22-0-5.bam	FAT_DON_11-22-0-6.bam
FAT_006-22-42-0.bam	0.0	0.25947698327733615	0.2428226149034947	0.2401332685183467	0.24879972826650154	0.24862873672635039
FAT_008-22-2-0.bam	0.25947698327733615	0.0	0.11127690926884716	0.15042290073584116	0.11926403044235322	0.20144508520829768
FAT_015-22-2-0.bam	0.2428226149034947	0.11127690926884716	0.0	0.1424022336770768	0.10145897819042199	0.13275507879133175
FAT_DON_11-22-0-4.bam	0.2401332685183467	0.15042290073584116	0.1424022336770768	0.0	0.14426506607726203	0.17625642733311175
FAT_DON_11-22-0-5.bam	0.24879972826650154	0.11926403044235322	0.10145897819042199	0.14426506607726203	0.0	0.1319558174507013
FAT_DON_11-22-0-6.bam	0.24862873672635039	0.20144508520829768	0.13275507879133175	0.17625642733311175	0.1319558174507013	0.0
