	FAT_006-22-14-0.bam	FAT_006-22-42-0.bam	FAT_008-22-0-0.bam	FAT_008-22-14-0.bam	FAT_008-22-2-0.bam	FAT_008-22-42-0.bam	FAT_008-22-84-0.bam	FAT_015-22-0-0.bam	FAT_015-22-2-0.bam	FAT_DON_11-22-0-4.bam	FAT_DON_11-22-0-5.bam	FAT_DON_11-22-0-6.bam
FAT_006-22-14-0.bam	0.0	0.004524886877828055	0.3891402714932127	0.3755656108597285	0.3936651583710407	0.3257918552036199	0.21266968325791855	0.2398190045248869	0.34841628959276016	0.27601809954751133	0.36199095022624433	0.31221719457013575
FAT_006-22-42-0.bam	0.004524886877828055	0.0	0.4298642533936652	0.416289592760181	0.43891402714932126	0.3574660633484163	0.2579185520361991	0.27149321266968324	0.3936651583710407	0.31221719457013575	0.4117647058823529	0.36199095022624433
FAT_008-22-0-0.bam	0.3891402714932127	0.4298642533936652	0.0	0.0	0.4253393665158371	0.00904977375565611	0.06787330316742081	0.2850678733031674	0.4298642533936652	0.33031674208144796	0.4434389140271493	0.40271493212669685
FAT_008-22-14-0.bam	0.3755656108597285	0.416289592760181	0.0	0.0	0.4072398190045249	0.00904977375565611	0.05429864253393665	0.2669683257918552	0.4117647058823529	0.3167420814479638	0.42081447963800905	0.38009049773755654
FAT_008-22-2-0.bam	0.3936651583710407	0.43891402714932126	0.4253393665158371	0.4072398190045249	0.0	0.38009049773755654	0.29411764705882354	0.2669683257918552	0.4298642533936652	0.05429864253393665	0.4479638009049774	0.40271493212669685
FAT_008-22-42-0.bam	0.3257918552036199	0.3574660633484163	0.00904977375565611	0.00904977375565611	0.38009049773755654	0.0	0.03619909502262444	0.20361990950226244	0.2986425339366516	0.2579185520361991	0.33031674208144796	0.2669683257918552
FAT_008-22-84-0.bam	0.21266968325791855	0.2579185520361991	0.06787330316742081	0.05429864253393665	0.29411764705882354	0.03619909502262444	0.0	0.04524886877828054	0.06787330316742081	0.1583710407239819	0.07239819004524888	0.06334841628959276
FAT_015-22-0-0.bam	0.2398190045248869	0.27149321266968324	0.2850678733031674	0.2669683257918552	0.2669683257918552	0.20361990950226244	0.04524886877828054	0.0	0.013574660633484163	0.09049773755656108	0.01809954751131222	0.013574660633484163
FAT_015-22-2-0.bam	0.34841628959276016	0.3936651583710407	0.4298642533936652	0.4117647058823529	0.4298642533936652	0.2986425339366516	0.06787330316742081	0.013574660633484163	0.0	0.13574660633484162	0.0	0.004524886877828055
FAT_DON_11-22-0-4.bam	0.27601809954751133	0.31221719457013575	0.33031674208144796	0.3167420814479638	0.05429864253393665	0.2579185520361991	0.1583710407239819	0.09049773755656108	0.13574660633484162	0.0	0.1583710407239819	0.1493212669683258
FAT_DON_11-22-0-5.bam	0.36199095022624433	0.4117647058823529	0.4434389140271493	0.42081447963800905	0.4479638009049774	0.33031674208144796	0.07239819004524888	0.01809954751131222	0.0	0.1583710407239819	0.0	0.004524886877828055
FAT_DON_11-22-0-6.bam	0.31221719457013575	0.36199095022624433	0.40271493212669685	0.38009049773755654	0.40271493212669685	0.2669683257918552	0.06334841628959276	0.013574660633484163	0.004524886877828055	0.1493212669683258	0.004524886877828055	0.0
