	FAT_006-22-0-0.bam	FAT_006-22-14-0.bam	FAT_006-22-2-0.bam	FAT_006-22-42-0.bam	FAT_008-22-0-0.bam	FAT_008-22-14-0.bam	FAT_008-22-2-0.bam	FAT_008-22-42-0.bam	FAT_008-22-84-0.bam	FAT_015-22-0-0.bam	FAT_015-22-14-0.bam	FAT_015-22-2-0.bam	FAT_015-22-42-0.bam	FAT_DON_11-22-0-4.bam	FAT_DON_11-22-0-5.bam	FAT_DON_11-22-0-6.bam
FAT_006-22-0-0.bam	0.0	0.004975124378109453	0.0945273631840796	0.0	0.0845771144278607	0.07462686567164178	0.08955223880597014	0.01990049751243781	0.01990049751243781	0.009950248756218905	0.029850746268656716	0.029850746268656716	0.04975124378109453	0.029850746268656716	0.024875621890547265	0.03482587064676617
FAT_006-22-14-0.bam	0.004975124378109453	0.0	0.10945273631840796	0.0	0.0945273631840796	0.08955223880597014	0.0945273631840796	0.029850746268656716	0.029850746268656716	0.014925373134328358	0.03482587064676617	0.03980099502487562	0.04477611940298507	0.03482587064676617	0.029850746268656716	0.05472636815920398
FAT_006-22-2-0.bam	0.0945273631840796	0.10945273631840796	0.0	0.08955223880597014	0.17412935323383086	0.0	0.0	0.05472636815920398	0.024875621890547265	0.07960199004975124	0.03482587064676617	0.05472636815920398	0.07960199004975124	0.03482587064676617	0.05970149253731343	0.04975124378109453
FAT_006-22-42-0.bam	0.0	0.0	0.08955223880597014	0.0	0.0845771144278607	0.06965174129353234	0.06965174129353234	0.024875621890547265	0.024875621890547265	0.009950248756218905	0.024875621890547265	0.03980099502487562	0.03482587064676617	0.01990049751243781	0.029850746268656716	0.03482587064676617
FAT_008-22-0-0.bam	0.0845771144278607	0.0945273631840796	0.17412935323383086	0.0845771144278607	0.0	0.16417910447761194	0.15920398009950248	0.0	0.014925373134328358	0.06965174129353234	0.07462686567164178	0.07960199004975124	0.0945273631840796	0.0845771144278607	0.1044776119402985	0.08955223880597014
FAT_008-22-14-0.bam	0.07462686567164178	0.08955223880597014	0.0	0.06965174129353234	0.16417910447761194	0.0	0.0	0.01990049751243781	0.004975124378109453	0.03980099502487562	0.004975124378109453	0.009950248756218905	0.03980099502487562	0.009950248756218905	0.014925373134328358	0.029850746268656716
FAT_008-22-2-0.bam	0.08955223880597014	0.0945273631840796	0.0	0.06965174129353234	0.15920398009950248	0.0	0.0	0.029850746268656716	0.004975124378109453	0.03482587064676617	0.004975124378109453	0.0	0.029850746268656716	0.009950248756218905	0.004975124378109453	0.004975124378109453
FAT_008-22-42-0.bam	0.01990049751243781	0.029850746268656716	0.05472636815920398	0.024875621890547265	0.0	0.01990049751243781	0.029850746268656716	0.0	0.0	0.01990049751243781	0.014925373134328358	0.01990049751243781	0.03980099502487562	0.03482587064676617	0.029850746268656716	0.029850746268656716
FAT_008-22-84-0.bam	0.01990049751243781	0.029850746268656716	0.024875621890547265	0.024875621890547265	0.014925373134328358	0.004975124378109453	0.004975124378109453	0.0	0.0	0.009950248756218905	0.004975124378109453	0.014925373134328358	0.024875621890547265	0.014925373134328358	0.024875621890547265	0.014925373134328358
FAT_015-22-0-0.bam	0.009950248756218905	0.014925373134328358	0.07960199004975124	0.009950248756218905	0.06965174129353234	0.03980099502487562	0.03482587064676617	0.01990049751243781	0.009950248756218905	0.0	0.014925373134328358	0.004975124378109453	0.009950248756218905	0.014925373134328358	0.0	0.009950248756218905
FAT_015-22-14-0.bam	0.029850746268656716	0.03482587064676617	0.03482587064676617	0.024875621890547265	0.07462686567164178	0.004975124378109453	0.004975124378109453	0.014925373134328358	0.004975124378109453	0.014925373134328358	0.0	0.0	0.009950248756218905	0.01990049751243781	0.004975124378109453	0.0
FAT_015-22-2-0.bam	0.029850746268656716	0.03980099502487562	0.05472636815920398	0.03980099502487562	0.07960199004975124	0.009950248756218905	0.0	0.01990049751243781	0.014925373134328358	0.004975124378109453	0.0	0.0	0.014925373134328358	0.014925373134328358	0.0	0.0
FAT_015-22-42-0.bam	0.04975124378109453	0.04477611940298507	0.07960199004975124	0.03482587064676617	0.0945273631840796	0.03980099502487562	0.029850746268656716	0.03980099502487562	0.024875621890547265	0.009950248756218905	0.009950248756218905	0.014925373134328358	0.0	0.024875621890547265	0.009950248756218905	0.014925373134328358
FAT_DON_11-22-0-4.bam	0.029850746268656716	0.03482587064676617	0.03482587064676617	0.01990049751243781	0.0845771144278607	0.009950248756218905	0.009950248756218905	0.03482587064676617	0.014925373134328358	0.014925373134328358	0.01990049751243781	0.014925373134328358	0.024875621890547265	0.0	0.009950248756218905	0.014925373134328358
FAT_DON_11-22-0-5.bam	0.024875621890547265	0.029850746268656716	0.05970149253731343	0.029850746268656716	0.1044776119402985	0.014925373134328358	0.004975124378109453	0.029850746268656716	0.024875621890547265	0.0	0.004975124378109453	0.0	0.009950248756218905	0.009950248756218905	0.0	0.0
FAT_DON_11-22-0-6.bam	0.03482587064676617	0.05472636815920398	0.04975124378109453	0.03482587064676617	0.08955223880597014	0.029850746268656716	0.004975124378109453	0.029850746268656716	0.014925373134328358	0.009950248756218905	0.0	0.0	0.014925373134328358	0.014925373134328358	0.0	0.0
