	FAT_006-22-0-0.bam	FAT_006-22-2-0.bam	FAT_006-22-42-0.bam	FAT_008-22-0-0.bam	FAT_008-22-2-0.bam	FAT_008-22-42-0.bam	FAT_008-22-84-0.bam	FAT_015-22-14-0.bam	FAT_015-22-42-0.bam	FAT_DON_11-22-0-5.bam	FAT_DON_11-22-0-6.bam
FAT_006-22-0-0.bam	0.0	0.1784037558685446	0.009389671361502348	0.10328638497652583	0.16901408450704225	0.1643192488262911	0.17370892018779344	0.19248826291079812	0.19248826291079812	0.1596244131455399	0.15023474178403756
FAT_006-22-2-0.bam	0.1784037558685446	0.0	0.12206572769953052	0.2112676056338028	0.0	0.0	0.0	0.0	0.0	0.046948356807511735	0.004694835680751174
FAT_006-22-42-0.bam	0.009389671361502348	0.12206572769953052	0.0	0.08450704225352113	0.12206572769953052	0.11267605633802817	0.10328638497652583	0.12206572769953052	0.1267605633802817	0.0892018779342723	0.09389671361502347
FAT_008-22-0-0.bam	0.10328638497652583	0.2112676056338028	0.08450704225352113	0.0	0.2112676056338028	0.19248826291079812	0.19718309859154928	0.2112676056338028	0.215962441314554	0.18779342723004694	0.19248826291079812
FAT_008-22-2-0.bam	0.16901408450704225	0.0	0.12206572769953052	0.2112676056338028	0.0	0.0	0.0	0.0	0.0	0.03286384976525822	0.0
FAT_008-22-42-0.bam	0.1643192488262911	0.0	0.11267605633802817	0.19248826291079812	0.0	0.0	0.0	0.014084507042253521	0.014084507042253521	0.056338028169014086	0.023474178403755867
FAT_008-22-84-0.bam	0.17370892018779344	0.0	0.10328638497652583	0.19718309859154928	0.0	0.0	0.0	0.009389671361502348	0.0	0.04225352112676056	0.009389671361502348
FAT_015-22-14-0.bam	0.19248826291079812	0.0	0.12206572769953052	0.2112676056338028	0.0	0.014084507042253521	0.009389671361502348	0.0	0.0	0.056338028169014086	0.018779342723004695
FAT_015-22-42-0.bam	0.19248826291079812	0.0	0.1267605633802817	0.215962441314554	0.0	0.014084507042253521	0.0	0.0	0.0	0.046948356807511735	0.009389671361502348
FAT_DON_11-22-0-5.bam	0.1596244131455399	0.046948356807511735	0.0892018779342723	0.18779342723004694	0.03286384976525822	0.056338028169014086	0.04225352112676056	0.056338028169014086	0.046948356807511735	0.0	0.009389671361502348
FAT_DON_11-22-0-6.bam	0.15023474178403756	0.004694835680751174	0.09389671361502347	0.19248826291079812	0.0	0.023474178403755867	0.009389671361502348	0.018779342723004695	0.009389671361502348	0.009389671361502348	0.0
