	FAT_008-22-0-0.bam	FAT_008-22-2-0.bam	FAT_015-22-0-0.bam	FAT_015-22-14-0.bam	FAT_015-22-2-0.bam	FAT_015-22-42-0.bam	FAT_015-22-84-0.bam
FAT_008-22-0-0.bam	0.0	0.22077209632491945	0.7249453508841506	0.22076772663729186	0.2257576216527623	0.22276572863529384	0.23725906234045022
FAT_008-22-2-0.bam	0.22077209632491945	0.0	0.6760821796726668	0.004046481422047033	0.009904349044620541	0.003458833775575858	0.020537817125205398
FAT_015-22-0-0.bam	0.7249453508841506	0.6760821796726668	0.0	0.6759160669661535	0.6700581993435799	0.6779140689641554	0.6819958109769318
FAT_015-22-14-0.bam	0.22076772663729186	0.004046481422047033	0.6759160669661535	0.0	0.005857867622573508	0.0019980019980019984	0.016491335703158364
FAT_015-22-2-0.bam	0.2257576216527623	0.009904349044620541	0.6700581993435799	0.005857867622573508	0.0	0.007855869620575506	0.02234920332573187
FAT_015-22-42-0.bam	0.22276572863529384	0.003458833775575858	0.6779140689641554	0.0019980019980019984	0.007855869620575506	0.0	0.01848933770116036
FAT_015-22-84-0.bam	0.23725906234045022	0.020537817125205398	0.6819958109769318	0.016491335703158364	0.02234920332573187	0.01848933770116036	0.0
