	FAT_008-22-14-0.bam	FAT_015-22-0-0.bam	FAT_015-22-2-0.bam	FAT_DON_11-22-0-4.bam	FAT_DON_11-22-0-5.bam	FAT_DON_11-22-0-6.bam
FAT_008-22-14-0.bam	0.0	0.08067086853318928	0.0038895088738780427	0.0034595469885668867	0.0012246603208715947	0.001943649746001369
FAT_015-22-0-0.bam	0.08067086853318928	0.0	0.08254368460090081	0.08226393601847976	0.07981948182187347	0.0814364605221855
FAT_015-22-2-0.bam	0.0038895088738780427	0.08254368460090081	0.0	0.0038029427060233423	0.003314621132603592	0.0033071683839227713
FAT_DON_11-22-0-4.bam	0.0034595469885668867	0.08226393601847976	0.0038029427060233423	0.0	0.00304414888046628	0.0037465070477588178
FAT_DON_11-22-0-5.bam	0.0012246603208715947	0.07981948182187347	0.003314621132603592	0.00304414888046628	0.0	0.001982475776335427
FAT_DON_11-22-0-6.bam	0.001943649746001369	0.0814364605221855	0.0033071683839227713	0.0037465070477588178	0.001982475776335427	0.0
