	FAT_006-22-0-0.bam	FAT_006-22-2-0.bam	FAT_006-22-42-0.bam	FAT_006-22-84-0.bam	FAT_008-22-0-0.bam	FAT_008-22-14-0.bam	FAT_008-22-2-0.bam	FAT_008-22-42-0.bam	FAT_008-22-84-0.bam	FAT_015-22-0-0.bam	FAT_015-22-14-0.bam	FAT_015-22-2-0.bam	FAT_015-22-84-0.bam	FAT_DON_11-22-0-4.bam	FAT_DON_11-22-0-5.bam	FAT_DON_11-22-0-6.bam
FAT_006-22-0-0.bam	0.0	0.27526230409356683	0.04957608905012514	0.08840552943987866	0.27194669314958214	0.29022619381394293	0.29420019173383	0.27015760062665795	0.28264215979206697	0.27275112576759014	0.2796888097457561	0.27517221745281945	0.28131983756364093	0.2690998967040475	0.2666572062103877	0.2779108615697203
FAT_006-22-2-0.bam	0.27526230409356683	0.0	0.25997316521664693	0.23733622014171266	0.23243371391349854	0.07439891456642642	0.06882100961496436	0.21047454777496374	0.22025668332561726	0.16592163260315557	0.22690267303308867	0.10024918955075358	0.2605278010561407	0.15656133510702883	0.14859547715208762	0.1102678287214432
FAT_006-22-42-0.bam	0.04957608905012514	0.25997316521664693	0.0	0.08731926605176231	0.27284576122562976	0.2736916944015348	0.27647579191899035	0.2669119480159212	0.27541839598556267	0.26596961434717575	0.26784480022188994	0.2577119922126046	0.2788402765315918	0.25378616865879305	0.25083003858369607	0.2638491063632793
FAT_006-22-84-0.bam	0.08840552943987866	0.23733622014171266	0.08731926605176231	0.0	0.23111189899596563	0.26495443644813066	0.2678320470423493	0.2244784716371891	0.2516038796287652	0.23550076802977346	0.25948219978467096	0.2451292158078871	0.2637263497430251	0.24216348659162534	0.24100626249409846	0.2492808264310626
FAT_008-22-0-0.bam	0.27194669314958214	0.23243371391349854	0.27284576122562976	0.23111189899596563	0.0	0.2633228907601324	0.2628853390048482	0.05520814026718548	0.07568864923592244	0.24147878950051468	0.2566189177310819	0.2511102788715111	0.2533555840376097	0.2434764336864187	0.24238782220674224	0.25128551475414657
FAT_008-22-14-0.bam	0.29022619381394293	0.07439891456642642	0.2736916944015348	0.26495443644813066	0.2633228907601324	0.0	0.014863912337549625	0.24593312070679169	0.2251644880779373	0.19926586983340303	0.21364258627318214	0.07863768605904141	0.267442621894558	0.13832656827935685	0.1331246505763008	0.08077770997651565
FAT_008-22-2-0.bam	0.29420019173383	0.06882100961496436	0.27647579191899035	0.2678320470423493	0.2628853390048482	0.014863912337549625	0.0	0.24490578654779938	0.22890736759230165	0.20093316494923588	0.21709970856151078	0.08311557038360043	0.27009006061806734	0.1421051458515956	0.13669309708219826	0.08550854744149312
FAT_008-22-42-0.bam	0.27015760062665795	0.21047454777496374	0.2669119480159212	0.2244784716371891	0.05520814026718548	0.24593312070679169	0.24490578654779938	0.0	0.09619614478565287	0.21492730602834423	0.2451719478486325	0.2323157689051562	0.24968874530452237	0.22660353067317346	0.22412523685101624	0.233866751233708
FAT_008-22-84-0.bam	0.28264215979206697	0.22025668332561726	0.27541839598556267	0.2516038796287652	0.07568864923592244	0.2251644880779373	0.22890736759230165	0.09619614478565287	0.0	0.2556647807018793	0.23840977072920994	0.2306679026908863	0.25011413355843026	0.22757771332258475	0.21931337903863865	0.22479728746216202
FAT_015-22-0-0.bam	0.27275112576759014	0.16592163260315557	0.26596961434717575	0.23550076802977346	0.24147878950051468	0.19926586983340303	0.20093316494923588	0.21492730602834423	0.2556647807018793	0.0	0.22006156255469222	0.15403494242807597	0.23033928019839	0.1742716422578313	0.16876586130250748	0.1710798876493617
FAT_015-22-14-0.bam	0.2796888097457561	0.22690267303308867	0.26784480022188994	0.25948219978467096	0.2566189177310819	0.21364258627318214	0.21709970856151078	0.2451719478486325	0.23840977072920994	0.22006156255469222	0.0	0.15456295938441822	0.06557325626144721	0.08425568373181277	0.09046874941218624	0.13282126164282337
FAT_015-22-2-0.bam	0.27517221745281945	0.10024918955075358	0.2577119922126046	0.2451292158078871	0.2511102788715111	0.07863768605904141	0.08311557038360043	0.2323157689051562	0.2306679026908863	0.15403494242807597	0.15456295938441822	0.0	0.20059287951064408	0.08755333753294346	0.07536929009713943	0.04528396064787444
FAT_015-22-84-0.bam	0.28131983756364093	0.2605278010561407	0.2788402765315918	0.2637263497430251	0.2533555840376097	0.267442621894558	0.27009006061806734	0.24968874530452237	0.25011413355843026	0.23033928019839	0.06557325626144721	0.20059287951064408	0.0	0.13418801034616837	0.14350688813417273	0.1870959459602508
FAT_DON_11-22-0-4.bam	0.2690998967040475	0.15656133510702883	0.25378616865879305	0.24216348659162534	0.2434764336864187	0.13832656827935685	0.1421051458515956	0.22660353067317346	0.22757771332258475	0.1742716422578313	0.08425568373181277	0.08755333753294346	0.13418801034616837	0.0	0.055243666420008476	0.07376279153135691
FAT_DON_11-22-0-5.bam	0.2666572062103877	0.14859547715208762	0.25083003858369607	0.24100626249409846	0.24238782220674224	0.1331246505763008	0.13669309708219826	0.22412523685101624	0.21931337903863865	0.16876586130250748	0.09046874941218624	0.07536929009713943	0.14350688813417273	0.055243666420008476	0.0	0.06542719173345932
FAT_DON_11-22-0-6.bam	0.2779108615697203	0.1102678287214432	0.2638491063632793	0.2492808264310626	0.25128551475414657	0.08077770997651565	0.08550854744149312	0.233866751233708	0.22479728746216202	0.1710798876493617	0.13282126164282337	0.04528396064787444	0.1870959459602508	0.07376279153135691	0.06542719173345932	0.0
