	FAT_008-22-14-0.bam	FAT_008-22-2-0.bam	FAT_008-22-42-0.bam	FAT_015-22-0-0.bam	FAT_015-22-2-0.bam	FAT_DON_11-22-0-4.bam	FAT_DON_11-22-0-5.bam	FAT_DON_11-22-0-6.bam
FAT_008-22-14-0.bam	0.0	0.02197802197802198	0.0	0.18681318681318682	0.06593406593406594	0.04395604395604396	0.06593406593406594	0.03296703296703297
FAT_008-22-2-0.bam	0.02197802197802198	0.0	0.10989010989010989	0.16483516483516483	0.0	0.0	0.0	0.01098901098901099
FAT_008-22-42-0.bam	0.0	0.10989010989010989	0.0	0.24175824175824176	0.16483516483516483	0.15384615384615385	0.16483516483516483	0.16483516483516483
FAT_015-22-0-0.bam	0.18681318681318682	0.16483516483516483	0.24175824175824176	0.0	0.1978021978021978	0.2087912087912088	0.1978021978021978	0.13186813186813187
FAT_015-22-2-0.bam	0.06593406593406594	0.0	0.16483516483516483	0.1978021978021978	0.0	0.0	0.0	0.01098901098901099
FAT_DON_11-22-0-4.bam	0.04395604395604396	0.0	0.15384615384615385	0.2087912087912088	0.0	0.0	0.0	0.0
FAT_DON_11-22-0-5.bam	0.06593406593406594	0.0	0.16483516483516483	0.1978021978021978	0.0	0.0	0.0	0.0
FAT_DON_11-22-0-6.bam	0.03296703296703297	0.01098901098901099	0.16483516483516483	0.13186813186813187	0.01098901098901099	0.0	0.0	0.0
