	FAT_008-22-14-0.bam	FAT_008-22-2-0.bam	FAT_015-22-0-0.bam	FAT_015-22-2-0.bam	FAT_DON_11-22-0-4.bam	FAT_DON_11-22-0-5.bam	FAT_DON_11-22-0-6.bam
FAT_008-22-14-0.bam	0.0	0.7222222222222222	0.5555555555555556	0.4444444444444444	0.4444444444444444	0.4444444444444444	0.4444444444444444
FAT_008-22-2-0.bam	0.7222222222222222	0.0	0.3888888888888889	0.3888888888888889	0.3888888888888889	0.3888888888888889	0.3888888888888889
FAT_015-22-0-0.bam	0.5555555555555556	0.3888888888888889	0.0	0.2222222222222222	0.2222222222222222	0.2222222222222222	0.2222222222222222
FAT_015-22-2-0.bam	0.4444444444444444	0.3888888888888889	0.2222222222222222	0.0	0.0	0.0	0.0
FAT_DON_11-22-0-4.bam	0.4444444444444444	0.3888888888888889	0.2222222222222222	0.0	0.0	0.0	0.0
FAT_DON_11-22-0-5.bam	0.4444444444444444	0.3888888888888889	0.2222222222222222	0.0	0.0	0.0	0.0
FAT_DON_11-22-0-6.bam	0.4444444444444444	0.3888888888888889	0.2222222222222222	0.0	0.0	0.0	0.0
