	FAT_006-22-0-0.bam	FAT_006-22-2-0.bam	FAT_006-22-42-0.bam	FAT_008-22-2-0.bam	FAT_015-22-0-0.bam	FAT_015-22-14-0.bam	FAT_015-22-2-0.bam	FAT_015-22-42-0.bam	FAT_015-22-84-0.bam	FAT_DON_11-22-0-4.bam	FAT_DON_11-22-0-5.bam	FAT_DON_11-22-0-6.bam
FAT_006-22-0-0.bam	0.0	0.4247058353869499	0.05757429059814524	0.41219711174836243	0.28905662314670644	0.4300486738454653	0.4018191098876696	0.37743651162145675	0.3854967336584984	0.3871544967549407	0.37451286528123523	0.38681009923187637
FAT_006-22-2-0.bam	0.4247058353869499	0.0	0.43627416550319154	0.02772989324856766	0.3065269299934595	0.018105584143319992	0.05361843437755438	0.11660187968237504	0.10630023571200041	0.14053299641534933	0.12864092173076877	0.13855360688694018
FAT_006-22-42-0.bam	0.05757429059814524	0.43627416550319154	0.0	0.42458394883402933	0.3029854238149596	0.44203767051138837	0.4152551802259595	0.39426241246822125	0.40756343418587665	0.40132475667761597	0.4002912736846947	0.4134866273138191
FAT_008-22-2-0.bam	0.41219711174836243	0.02772989324856766	0.42458394883402933	0.0	0.2969456312788368	0.015619373530895365	0.04532889290503918	0.1090793272621832	0.10235651209904212	0.13449696940810615	0.12367728504714176	0.1320358637273244
FAT_015-22-0-0.bam	0.28905662314670644	0.3065269299934595	0.3029854238149596	0.2969456312788368	0.0	0.30385296244788196	0.2732726856329411	0.20784161958364405	0.2449966573435111	0.26099456817641975	0.25302155674225457	0.24128147283628368
FAT_015-22-14-0.bam	0.4300486738454653	0.018105584143319992	0.44203767051138837	0.015619373530895365	0.30385296244788196	0.0	0.05593620318609369	0.10973940678486134	0.09221562750974516	0.13190086557433495	0.13596062254321045	0.1437336565243542
FAT_015-22-2-0.bam	0.4018191098876696	0.05361843437755438	0.4152551802259595	0.04532889290503918	0.2732726856329411	0.05593620318609369	0.0	0.09906369733657804	0.12265022981847849	0.11298757198450186	0.09687759296146604	0.10568225230447224
FAT_015-22-42-0.bam	0.37743651162145675	0.11660187968237504	0.39426241246822125	0.1090793272621832	0.20784161958364405	0.10973940678486134	0.09906369733657804	0.0	0.11674400153260449	0.1512548113130799	0.14326926710511084	0.13450259797256042
FAT_015-22-84-0.bam	0.3854967336584984	0.10630023571200041	0.40756343418587665	0.10235651209904212	0.2449966573435111	0.09221562750974516	0.12265022981847849	0.11674400153260449	0.0	0.2206397594002636	0.17232598224614312	0.1653142563681779
FAT_DON_11-22-0-4.bam	0.3871544967549407	0.14053299641534933	0.40132475667761597	0.13449696940810615	0.26099456817641975	0.13190086557433495	0.11298757198450186	0.1512548113130799	0.2206397594002636	0.0	0.10133110045354768	0.09821750065652504
FAT_DON_11-22-0-5.bam	0.37451286528123523	0.12864092173076877	0.4002912736846947	0.12367728504714176	0.25302155674225457	0.13596062254321045	0.09687759296146604	0.14326926710511084	0.17232598224614312	0.10133110045354768	0.0	0.08229654067146155
FAT_DON_11-22-0-6.bam	0.38681009923187637	0.13855360688694018	0.4134866273138191	0.1320358637273244	0.24128147283628368	0.1437336565243542	0.10568225230447224	0.13450259797256042	0.1653142563681779	0.09821750065652504	0.08229654067146155	0.0
