	FAT_008-22-14-0.bam	FAT_008-22-2-0.bam	FAT_008-22-42-0.bam	FAT_015-22-0-0.bam	FAT_015-22-2-0.bam	FAT_DON_11-22-0-4.bam	FAT_DON_11-22-0-5.bam	FAT_DON_11-22-0-6.bam
FAT_008-22-14-0.bam	0.0	0.15956145215350243	0.10992649408306643	0.3332272057486727	0.18090157332334186	0.16478266899391794	0.16492405542476318	0.1789171380764363
FAT_008-22-2-0.bam	0.15956145215350243	0.0	0.19267314159404272	0.29915568069749165	0.09997330810364627	0.07916134432082671	0.10072324314189494	0.11038466853255428
FAT_008-22-42-0.bam	0.10992649408306643	0.19267314159404272	0.0	0.3399460997753995	0.21402061432127006	0.1813525149587446	0.204019764548224	0.23403864362709614
FAT_015-22-0-0.bam	0.3332272057486727	0.29915568069749165	0.3399460997753995	0.0	0.30325649572408264	0.3029021198851743	0.30613368906938654	0.28131180290774216
FAT_015-22-2-0.bam	0.18090157332334186	0.09997330810364627	0.21402061432127006	0.30325649572408264	0.0	0.08462184412855546	0.06463486599343901	0.10613283951123126
FAT_DON_11-22-0-4.bam	0.16478266899391794	0.07916134432082671	0.1813525149587446	0.3029021198851743	0.08462184412855546	0.0	0.08004939284091878	0.11714796162136214
FAT_DON_11-22-0-5.bam	0.16492405542476318	0.10072324314189494	0.204019764548224	0.30613368906938654	0.06463486599343901	0.08004939284091878	0.0	0.11549322779102751
FAT_DON_11-22-0-6.bam	0.1789171380764363	0.11038466853255428	0.23403864362709614	0.28131180290774216	0.10613283951123126	0.11714796162136214	0.11549322779102751	0.0
