	FAT_008-22-14-0.bam	FAT_008-22-2-0.bam	FAT_015-22-0-0.bam	FAT_015-22-2-0.bam	FAT_DON_11-22-0-4.bam	FAT_DON_11-22-0-5.bam	FAT_DON_11-22-0-6.bam
FAT_008-22-14-0.bam	0.0	0.7222222222222222	0.5712034878701545	0.45890452140452137	0.4444444444444444	0.4430949167791273	0.4382716049382716
FAT_008-22-2-0.bam	0.7222222222222222	0.0	0.4045368212034879	0.3700998075998076	0.3888888888888889	0.38753936122357174	0.3827160493827161
FAT_015-22-0-0.bam	0.5712034878701545	0.4045368212034879	0.0	0.237178716345383	0.22271863938530606	0.21552115850361467	0.22765691099024432
FAT_015-22-2-0.bam	0.45890452140452137	0.3700998075998076	0.237178716345383	0.0	0.03466209716209716	0.03331256949678003	0.03960036876703543
FAT_DON_11-22-0-4.bam	0.4444444444444444	0.3888888888888889	0.22271863938530606	0.03466209716209716	0.0	0.007197480881691396	0.017283950617283952
FAT_DON_11-22-0-5.bam	0.4430949167791273	0.38753936122357174	0.21552115850361467	0.03331256949678003	0.007197480881691396	0.0	0.01593442295196682
FAT_DON_11-22-0-6.bam	0.4382716049382716	0.3827160493827161	0.22765691099024432	0.03960036876703543	0.017283950617283952	0.01593442295196682	0.0
