	FAT_006-22-0-0.bam	FAT_006-22-2-0.bam	FAT_006-22-42-0.bam	FAT_006-22-84-0.bam	FAT_008-22-0-0.bam	FAT_008-22-14-0.bam	FAT_008-22-2-0.bam	FAT_008-22-42-0.bam	FAT_008-22-84-0.bam	FAT_015-22-0-0.bam	FAT_015-22-14-0.bam	FAT_015-22-2-0.bam	FAT_015-22-84-0.bam	FAT_DON_11-22-0-4.bam	FAT_DON_11-22-0-5.bam	FAT_DON_11-22-0-6.bam
FAT_006-22-0-0.bam	0.0	0.18994413407821228	0.0	0.002793296089385475	0.17318435754189945	0.22346368715083798	0.2206703910614525	0.15083798882681565	0.18435754189944134	0.11173184357541899	0.21787709497206703	0.19273743016759776	0.21508379888268156	0.15363128491620112	0.1424581005586592	0.17318435754189945
FAT_006-22-2-0.bam	0.18994413407821228	0.0	0.1787709497206704	0.1564245810055866	0.19273743016759776	0.0	0.0	0.13687150837988826	0.15921787709497207	0.01675977653631285	0.18435754189944134	0.002793296089385475	0.2122905027932961	0.04189944134078212	0.0223463687150838	0.008379888268156424
FAT_006-22-42-0.bam	0.0	0.1787709497206704	0.0	0.002793296089385475	0.1871508379888268	0.23184357541899442	0.23184357541899442	0.16201117318435754	0.19832402234636873	0.10614525139664804	0.23184357541899442	0.1787709497206704	0.2206703910614525	0.15363128491620112	0.13966480446927373	0.17039106145251395
FAT_006-22-84-0.bam	0.002793296089385475	0.1564245810055866	0.002793296089385475	0.0	0.15921787709497207	0.20670391061452514	0.20391061452513967	0.12569832402234637	0.17039106145251395	0.08659217877094973	0.2011173184357542	0.164804469273743	0.20670391061452514	0.1340782122905028	0.11731843575418995	0.1564245810055866
FAT_008-22-0-0.bam	0.17318435754189945	0.19273743016759776	0.1871508379888268	0.15921787709497207	0.0	0.22346368715083798	0.2206703910614525	0.0	0.002793296089385475	0.10614525139664804	0.20949720670391062	0.19273743016759776	0.2011173184357542	0.13966480446927373	0.12849162011173185	0.17318435754189945
FAT_008-22-14-0.bam	0.22346368715083798	0.0	0.23184357541899442	0.20670391061452514	0.22346368715083798	0.0	0.0	0.17318435754189945	0.2011173184357542	0.06983240223463687	0.23743016759776536	0.0	0.2430167597765363	0.08100558659217877	0.0446927374301676	0.00558659217877095
FAT_008-22-2-0.bam	0.2206703910614525	0.0	0.23184357541899442	0.20391061452513967	0.2206703910614525	0.0	0.0	0.18156424581005587	0.19832402234636873	0.07262569832402235	0.22905027932960895	0.0	0.2430167597765363	0.07541899441340782	0.05865921787709497	0.0111731843575419
FAT_008-22-42-0.bam	0.15083798882681565	0.13687150837988826	0.16201117318435754	0.12569832402234637	0.0	0.17318435754189945	0.18156424581005587	0.0	0.0	0.061452513966480445	0.1787709497206704	0.12011173184357542	0.16759776536312848	0.10335195530726257	0.08100558659217877	0.12290502793296089
FAT_008-22-84-0.bam	0.18435754189944134	0.15921787709497207	0.19832402234636873	0.17039106145251395	0.002793296089385475	0.2011173184357542	0.19832402234636873	0.0	0.0	0.11173184357541899	0.2011173184357542	0.17318435754189945	0.19832402234636873	0.1340782122905028	0.11173184357541899	0.1452513966480447
FAT_015-22-0-0.bam	0.11173184357541899	0.01675977653631285	0.10614525139664804	0.08659217877094973	0.10614525139664804	0.06983240223463687	0.07262569832402235	0.061452513966480445	0.11173184357541899	0.0	0.09776536312849161	0.0223463687150838	0.11731843575418995	0.03910614525139665	0.030726256983240222	0.03910614525139665
FAT_015-22-14-0.bam	0.21787709497206703	0.18435754189944134	0.23184357541899442	0.2011173184357542	0.20949720670391062	0.23743016759776536	0.22905027932960895	0.1787709497206704	0.2011173184357542	0.09776536312849161	0.0	0.05307262569832402	0.0	0.002793296089385475	0.0	0.0670391061452514
FAT_015-22-2-0.bam	0.19273743016759776	0.002793296089385475	0.1787709497206704	0.164804469273743	0.19273743016759776	0.0	0.0	0.12011173184357542	0.17318435754189945	0.0223463687150838	0.05307262569832402	0.0	0.15921787709497207	0.0	0.008379888268156424	0.0
FAT_015-22-84-0.bam	0.21508379888268156	0.2122905027932961	0.2206703910614525	0.20670391061452514	0.2011173184357542	0.2430167597765363	0.2430167597765363	0.16759776536312848	0.19832402234636873	0.11731843575418995	0.0	0.15921787709497207	0.0	0.0223463687150838	0.030726256983240222	0.11452513966480447
FAT_DON_11-22-0-4.bam	0.15363128491620112	0.04189944134078212	0.15363128491620112	0.1340782122905028	0.13966480446927373	0.08100558659217877	0.07541899441340782	0.10335195530726257	0.1340782122905028	0.03910614525139665	0.002793296089385475	0.0	0.0223463687150838	0.0	0.008379888268156424	0.008379888268156424
FAT_DON_11-22-0-5.bam	0.1424581005586592	0.0223463687150838	0.13966480446927373	0.11731843575418995	0.12849162011173185	0.0446927374301676	0.05865921787709497	0.08100558659217877	0.11173184357541899	0.030726256983240222	0.0	0.008379888268156424	0.030726256983240222	0.008379888268156424	0.0	0.0111731843575419
FAT_DON_11-22-0-6.bam	0.17318435754189945	0.008379888268156424	0.17039106145251395	0.1564245810055866	0.17318435754189945	0.00558659217877095	0.0111731843575419	0.12290502793296089	0.1452513966480447	0.03910614525139665	0.0670391061452514	0.0	0.11452513966480447	0.008379888268156424	0.0111731843575419	0.0
