	FAT_006-22-0-0.bam	FAT_015-22-2-0.bam	FAT_015-22-42-0.bam	FAT_015-22-84-0.bam	FAT_DON_11-22-0-4.bam	FAT_DON_11-22-0-5.bam
FAT_006-22-0-0.bam	0.0	0.21705426356589147	0.2248062015503876	0.24806201550387597	0.11627906976744186	0.12403100775193798
FAT_015-22-2-0.bam	0.21705426356589147	0.0	0.29457364341085274	0.3333333333333333	0.023255813953488372	0.015503875968992248
FAT_015-22-42-0.bam	0.2248062015503876	0.29457364341085274	0.0	0.0	0.2248062015503876	0.23255813953488372
FAT_015-22-84-0.bam	0.24806201550387597	0.3333333333333333	0.0	0.0	0.23255813953488372	0.26356589147286824
FAT_DON_11-22-0-4.bam	0.11627906976744186	0.023255813953488372	0.2248062015503876	0.23255813953488372	0.0	0.015503875968992248
FAT_DON_11-22-0-5.bam	0.12403100775193798	0.015503875968992248	0.23255813953488372	0.26356589147286824	0.015503875968992248	0.0
