	FAT_006-22-0-0.bam	FAT_006-22-14-0.bam	FAT_006-22-2-0.bam	FAT_006-22-42-0.bam	FAT_008-22-0-0.bam	FAT_008-22-14-0.bam	FAT_008-22-2-0.bam	FAT_008-22-42-0.bam	FAT_008-22-84-0.bam	FAT_015-22-0-0.bam	FAT_015-22-14-0.bam	FAT_015-22-2-0.bam	FAT_015-22-42-0.bam	FAT_DON_11-22-0-4.bam	FAT_DON_11-22-0-5.bam	FAT_DON_11-22-0-6.bam
FAT_006-22-0-0.bam	0.0	0.0819686345899208	0.21000847311195794	0.09267291849481084	0.1892370135366507	0.1866143394544093	0.17441686574630624	0.20080897752773255	0.1788822296514183	0.15597515511861607	0.16780680200230375	0.16736436847864664	0.185846965345438	0.18563656106937634	0.17138743212231713	0.16830955149644564
FAT_006-22-14-0.bam	0.0819686345899208	0.0	0.20551786512699052	0.09080671519752491	0.18719464117317705	0.18553135204767587	0.17278289477725697	0.19246983754267932	0.17657976031084063	0.15573801688870945	0.16153246728113382	0.16500219509387187	0.17918164376124088	0.17283157323617618	0.16370883548676246	0.1666641884098835
FAT_006-22-2-0.bam	0.21000847311195794	0.20551786512699052	0.0	0.18717582065317823	0.19838870394248764	0.058625423754091376	0.05895588299210981	0.13450175048155574	0.11006616367127767	0.16740378752771376	0.11339625463886861	0.13652511381228735	0.16213213184786182	0.10695736202469738	0.13602260981108122	0.12504918067698223
FAT_006-22-42-0.bam	0.09267291849481084	0.09080671519752491	0.18717582065317823	0.0	0.19451764343025782	0.17052745247481993	0.15758467468176882	0.1960411008020678	0.178037013090415	0.144255000056432	0.16185329718485805	0.15805630252324923	0.16197310946856647	0.14978708321753434	0.1495174479036803	0.15520857009097908
FAT_008-22-0-0.bam	0.1892370135366507	0.18719464117317705	0.19838870394248764	0.19451764343025782	0.0	0.1892920407960487	0.18209010879796966	0.11898388104537404	0.12328462961127484	0.1687876474274389	0.17565911132217568	0.19194787702381866	0.18124133025728384	0.1809447213216406	0.19089812286763475	0.1850211771419763
FAT_008-22-14-0.bam	0.1866143394544093	0.18553135204767587	0.058625423754091376	0.17052745247481993	0.1892920407960487	0.0	0.04302039227086141	0.11355615789503823	0.08996580590718196	0.14389579424088705	0.10154912097562764	0.11313240711763614	0.14871752842690383	0.09896950878743539	0.1210856535691367	0.11744263889151108
FAT_008-22-2-0.bam	0.17441686574630624	0.17278289477725697	0.05895588299210981	0.15758467468176882	0.18209010879796966	0.04302039227086141	0.0	0.12623846254331048	0.1044507104185836	0.12285884379101068	0.07347835403891333	0.08952046973515153	0.1287895454481574	0.0732386498973089	0.09512264796864366	0.08727608842842766
FAT_008-22-42-0.bam	0.20080897752773255	0.19246983754267932	0.13450175048155574	0.1960411008020678	0.11898388104537404	0.11355615789503823	0.12623846254331048	0.0	0.0598052321684244	0.15005241383717277	0.13491948555428127	0.13401970612006153	0.16301388223572014	0.14214961249051938	0.13812832107839562	0.139404071280706
FAT_008-22-84-0.bam	0.1788822296514183	0.17657976031084063	0.11006616367127767	0.178037013090415	0.12328462961127484	0.08996580590718196	0.1044507104185836	0.0598052321684244	0.0	0.13429519857575617	0.11730645212590071	0.1255997236240139	0.15109889002024418	0.12286183341066535	0.1298299254498851	0.13501799541655937
FAT_015-22-0-0.bam	0.15597515511861607	0.15573801688870945	0.16740378752771376	0.144255000056432	0.1687876474274389	0.14389579424088705	0.12285884379101068	0.15005241383717277	0.13429519857575617	0.0	0.10670320650982798	0.10773753402714846	0.11277414155959917	0.1140435911195971	0.10414087440611167	0.1162742877055285
FAT_015-22-14-0.bam	0.16780680200230375	0.16153246728113382	0.11339625463886861	0.16185329718485805	0.17565911132217568	0.10154912097562764	0.07347835403891333	0.13491948555428127	0.11730645212590071	0.10670320650982798	0.0	0.0774767190884681	0.10321401190532628	0.09938581745965538	0.08370434013850042	0.0868285386397568
FAT_015-22-2-0.bam	0.16736436847864664	0.16500219509387187	0.13652511381228735	0.15805630252324923	0.19194787702381866	0.11313240711763614	0.08952046973515153	0.13401970612006153	0.1255997236240139	0.10773753402714846	0.0774767190884681	0.0	0.09512992572857978	0.08157433292536863	0.054468245991848296	0.07195555908006283
FAT_015-22-42-0.bam	0.185846965345438	0.17918164376124088	0.16213213184786182	0.16197310946856647	0.18124133025728384	0.14871752842690383	0.1287895454481574	0.16301388223572014	0.15109889002024418	0.11277414155959917	0.10321401190532628	0.09512992572857978	0.0	0.12932514377155724	0.11327956851295248	0.11619170539370305
FAT_DON_11-22-0-4.bam	0.18563656106937634	0.17283157323617618	0.10695736202469738	0.14978708321753434	0.1809447213216406	0.09896950878743539	0.0732386498973089	0.14214961249051938	0.12286183341066535	0.1140435911195971	0.09938581745965538	0.08157433292536863	0.12932514377155724	0.0	0.08815880515561711	0.10124220739511543
FAT_DON_11-22-0-5.bam	0.17138743212231713	0.16370883548676246	0.13602260981108122	0.1495174479036803	0.19089812286763475	0.1210856535691367	0.09512264796864366	0.13812832107839562	0.1298299254498851	0.10414087440611167	0.08370434013850042	0.054468245991848296	0.11327956851295248	0.08815880515561711	0.0	0.06492696179618468
FAT_DON_11-22-0-6.bam	0.16830955149644564	0.1666641884098835	0.12504918067698223	0.15520857009097908	0.1850211771419763	0.11744263889151108	0.08727608842842766	0.139404071280706	0.13501799541655937	0.1162742877055285	0.0868285386397568	0.07195555908006283	0.11619170539370305	0.10124220739511543	0.06492696179618468	0.0
